1,0,0,255,255
1,1,0,255,255
1,28,255,33,33
1,29,255,33,33
1,30,255,33,33
1,31,255,33,33
1,44,255,33,33
2,0,0,255,255
2,1,0,255,255
2,2,0,255,255
2,3,0,255,255
2,26,255,33,33
2,27,255,33,33
2,28,255,33,33
2,29,255,33,33
2,30,255,33,33
2,31,255,33,33
2,32,255,33,33
2,33,255,33,33
2,42,255,33,33
2,43,255,33,33
2,44,255,33,33
3,0,0,255,255
3,1,0,255,255
3,2,0,255,255
3,3,0,255,255
3,4,0,255,255
3,25,255,33,33
3,26,255,33,33
3,27,255,33,33
3,28,255,33,33
3,29,255,33,33
3,30,255,33,33
3,31,255,33,33
3,32,255,33,33
3,33,255,33,33
3,34,255,33,33
3,41,255,33,33
3,42,255,33,33
3,43,255,33,33
3,44,255,33,33
4,0,0,255,255
4,1,0,255,255
4,2,0,255,255
4,3,0,255,255
4,4,0,255,255
4,24,255,33,33
4,25,255,33,33
4,26,255,33,33
4,27,255,33,33
4,28,255,33,33
4,29,255,33,33
4,30,255,33,33
4,31,255,33,33
4,32,255,33,33
4,33,255,33,33
4,34,255,33,33
4,35,255,33,33
4,40,255,33,33
4,41,255,33,33
4,42,255,33,33
4,43,255,33,33
4,44,255,33,33
5,0,0,255,255
5,1,0,255,255
5,2,0,255,255
5,3,0,255,255
5,4,0,255,255
5,5,0,255,255
5,24,255,33,33
5,25,255,33,33
5,26,255,33,33
5,27,176,185,250
5,28,176,185,250
5,29,255,33,33
5,30,255,33,33
5,31,176,185,250
5,32,176,185,250
5,33,255,33,33
5,34,255,33,33
5,35,255,33,33
5,40,255,33,33
5,41,255,33,33
5,42,255,33,33
5,43,176,185,250
5,44,176,185,250
6,0,0,255,255
6,1,0,255,255
6,2,0,255,255
6,3,0,255,255
6,4,0,255,255
6,5,0,255,255
6,24,255,33,33
6,25,255,33,33
6,26,255,33,33
6,27,176,185,250
6,28,176,185,250
6,29,255,33,33
6,30,255,33,33
6,31,176,185,250
6,32,176,185,250
6,33,255,33,33
6,34,255,33,33
6,35,255,33,33
6,40,255,33,33
6,41,255,33,33
6,42,255,33,33
6,43,176,185,250
6,44,176,185,250
7,0,0,255,255
7,1,0,255,255
7,2,0,255,255
7,3,0,255,255
7,4,0,255,255
7,5,0,255,255
7,23,255,33,33
7,24,255,33,33
7,25,255,33,33
7,26,255,33,33
7,27,255,33,33
7,28,255,33,33
7,29,255,33,33
7,30,255,33,33
7,31,255,33,33
7,32,255,33,33
7,33,255,33,33
7,34,255,33,33
7,35,255,33,33
7,36,255,33,33
7,39,255,33,33
7,40,255,33,33
7,41,255,33,33
7,42,255,33,33
7,43,255,33,33
7,44,255,33,33
8,0,0,255,255
8,1,0,255,255
8,2,0,255,255
8,3,0,255,255
8,4,0,255,255
8,5,0,255,255
8,23,255,33,33
8,24,255,33,33
8,25,255,33,33
8,26,255,33,33
8,27,255,33,33
8,28,255,33,33
8,29,255,33,33
8,30,255,33,33
8,31,255,33,33
8,32,255,33,33
8,33,255,33,33
8,34,255,33,33
8,35,255,33,33
8,36,255,33,33
8,39,255,33,33
8,40,255,33,33
8,41,255,33,33
8,42,255,33,33
8,43,255,33,33
8,44,255,33,33
9,0,0,255,255
9,1,0,255,255
9,2,0,255,255
9,3,0,255,255
9,4,0,255,255
9,5,0,255,255
9,23,255,33,33
9,24,255,33,33
9,25,176,185,250
9,26,176,185,250
9,27,255,33,33
9,28,255,33,33
9,29,176,185,250
9,30,176,185,250
9,31,255,33,33
9,32,255,33,33
9,33,176,185,250
9,34,176,185,250
9,35,255,33,33
9,36,255,33,33
9,39,255,33,33
9,40,255,33,33
9,41,176,185,250
9,42,176,185,250
9,43,255,33,33
9,44,255,33,33
10,0,0,255,255
10,1,0,255,255
10,2,0,255,255
10,3,0,255,255
10,4,0,255,255
10,23,255,33,33
10,24,176,185,250
10,25,255,33,33
10,26,255,33,33
10,27,176,185,250
10,28,176,185,250
10,29,255,33,33
10,30,255,33,33
10,31,176,185,250
10,32,176,185,250
10,33,255,33,33
10,34,255,33,33
10,35,176,185,250
10,36,255,33,33
10,39,255,33,33
10,40,176,185,250
10,41,255,33,33
10,42,255,33,33
10,43,176,185,250
10,44,176,185,250
11,0,0,255,255
11,1,0,255,255
11,2,0,255,255
11,3,0,255,255
11,4,0,255,255
11,23,255,33,33
11,24,255,33,33
11,25,255,33,33
11,26,255,33,33
11,27,255,33,33
11,28,255,33,33
11,29,255,33,33
11,30,255,33,33
11,31,255,33,33
11,32,255,33,33
11,33,255,33,33
11,34,255,33,33
11,35,255,33,33
11,36,255,33,33
11,39,255,33,33
11,40,255,33,33
11,41,255,33,33
11,42,255,33,33
11,43,255,33,33
11,44,255,33,33
12,0,0,255,255
12,1,0,255,255
12,2,0,255,255
12,3,0,255,255
12,23,255,33,33
12,24,255,33,33
12,25,255,33,33
12,26,255,33,33
12,27,255,33,33
12,28,255,33,33
12,29,255,33,33
12,30,255,33,33
12,31,255,33,33
12,32,255,33,33
12,33,255,33,33
12,34,255,33,33
12,35,255,33,33
12,36,255,33,33
12,39,255,33,33
12,40,255,33,33
12,41,255,33,33
12,42,255,33,33
12,43,255,33,33
12,44,255,33,33
13,0,0,255,255
13,1,0,255,255
13,23,255,33,33
13,24,255,33,33
13,26,255,33,33
13,27,255,33,33
13,28,255,33,33
13,31,255,33,33
13,32,255,33,33
13,33,255,33,33
13,35,255,33,33
13,36,255,33,33
13,39,255,33,33
13,40,255,33,33
13,42,255,33,33
13,43,255,33,33
13,44,255,33,33
14,23,255,33,33
14,27,255,33,33
14,28,255,33,33
14,31,255,33,33
14,32,255,33,33
14,36,255,33,33
14,39,255,33,33
14,43,255,33,33
14,44,255,33,33
