0,0,0	0	0
0,0,0	1	0
0,0,0	2	0
0,0,0	3	0
0,0,0	4	0
0,0,0	5	0
0,0,0	6	0
0,0,0	7	0
0,0,0	8	0
0,0,0	9	0
0,0,0	10	0
0,0,0	11	0
0,0,0	12	0
0,0,0	13	0
0,0,0	14	0
0,0,0	15	0
0,0,0	16	0
0,0,0	17	0
0,0,0	18	0
0,0,0	19	0
0,0,0	20	0
0,0,0	21	0
0,0,0	22	0
0,0,0	23	0
0,0,0	24	0
0,0,0	25	0
0,0,0	26	0
0,0,0	27	0
0,0,0	28	0
0,0,0	29	0
0,0,0	30	0
0,0,0	31	0
0,0,0	32	0
0,0,0	33	0
0,0,0	34	0
0,0,0	35	0
0,0,0	36	0
0,0,0	37	0
0,0,0	38	0
0,0,0	39	0
0,0,0	40	0
0,0,0	41	0
0,0,0	42	0
0,0,0	43	0
0,0,0	44	0
0,0,0	0	1
0,0,0	1	1
0,0,0	2	1
0,0,0	3	1
0,0,0	4	1
0,0,0	5	1
0,0,0	6	1
0,0,0	7	1
0,0,0	8	1
0,0,0	9	1
0,0,0	10	1
0,0,0	11	1
0,0,0	12	1
0,255,255	13	1
0,255,255	14	1
0,255,255	15	1
0,255,255	16	1
0,255,255	17	1
0,0,0	18	1
0,0,0	19	1
0,0,0	20	1
0,0,0	21	1
0,0,0	22	1
0,0,0	23	1
0,0,0	24	1
0,0,0	25	1
0,0,0	26	1
0,0,0	27	1
0,0,0	28	1
0,0,0	29	1
0,0,0	30	1
0,0,0	31	1
0,0,0	32	1
0,0,0	33	1
0,0,0	34	1
0,0,0	35	1
0,0,0	36	1
0,0,0	37	1
0,0,0	38	1
0,0,0	39	1
255,33,33	40	1
255,33,33	41	1
255,33,33	42	1
255,33,33	43	1
0,0,0	44	1
0,0,0	0	2
0,0,0	1	2
0,0,0	2	2
0,0,0	3	2
0,0,0	4	2
0,0,0	5	2
0,0,0	6	2
0,0,0	7	2
0,0,0	8	2
0,0,0	9	2
0,0,0	10	2
0,255,255	11	2
0,255,255	12	2
0,255,255	13	2
0,255,255	14	2
0,255,255	15	2
0,255,255	16	2
0,255,255	17	2
0,255,255	18	2
0,255,255	19	2
0,0,0	20	2
0,0,0	21	2
0,0,0	22	2
0,0,0	23	2
0,0,0	24	2
0,0,0	25	2
0,0,0	26	2
0,0,0	27	2
0,0,0	28	2
0,0,0	29	2
0,0,0	30	2
0,0,0	31	2
0,0,0	32	2
0,0,0	33	2
0,0,0	34	2
0,0,0	35	2
0,0,0	36	2
0,0,0	37	2
255,33,33	38	2
255,33,33	39	2
255,33,33	40	2
255,33,33	41	2
255,33,33	42	2
255,33,33	43	2
255,33,33	44	2
0,0,0	0	3
0,0,0	1	3
0,0,0	2	3
0,0,0	3	3
0,0,0	4	3
0,0,0	5	3
0,0,0	6	3
0,0,0	7	3
0,0,0	8	3
0,0,0	9	3
0,255,255	10	3
0,255,255	11	3
0,255,255	12	3
0,255,255	13	3
0,255,255	14	3
0,255,255	15	3
0,255,255	16	3
0,255,255	17	3
0,255,255	18	3
0,255,255	19	3
0,255,255	20	3
0,0,0	21	3
0,0,0	22	3
0,0,0	23	3
0,0,0	24	3
0,0,0	25	3
0,0,0	26	3
0,0,0	27	3
0,0,0	28	3
0,0,0	29	3
0,0,0	30	3
0,0,0	31	3
0,0,0	32	3
0,0,0	33	3
0,0,0	34	3
0,0,0	35	3
0,0,0	36	3
255,33,33	37	3
255,33,33	38	3
255,33,33	39	3
255,33,33	40	3
255,33,33	41	3
255,33,33	42	3
255,33,33	43	3
255,33,33	44	3
