3,2,255,0,0
3,9,255,0,0
3,26,255,0,0
3,27,255,0,0
3,28,255,0,0
3,29,255,0,0
3,30,255,0,0
3,31,255,0,0
3,39,255,0,0
4,2,255,0,0
4,9,255,0,0
4,26,255,0,0
4,32,255,0,0
4,39,255,0,0
5,1,255,0,0
5,3,255,0,0
5,9,255,0,0
5,26,255,0,0
5,32,255,0,0
5,38,255,0,0
5,40,255,0,0
6,1,255,0,0
6,3,255,0,0
6,9,255,0,0
6,26,255,0,0
6,32,255,0,0
6,38,255,0,0
6,40,255,0,0
7,0,255,0,0
7,4,255,0,0
7,9,255,0,0
7,26,255,0,0
7,32,255,0,0
7,37,255,0,0
7,41,255,0,0
8,0,255,0,0
8,4,255,0,0
8,9,255,0,0
8,26,255,0,0
8,27,255,0,0
8,28,255,0,0
8,29,255,0,0
8,30,255,0,0
8,31,255,0,0
8,37,255,0,0
8,41,255,0,0
9,0,255,0,0
9,1,255,0,0
9,2,255,0,0
9,3,255,0,0
9,4,255,0,0
9,5,255,0,0
9,9,255,0,0
9,26,255,0,0
9,36,255,0,0
9,37,255,0,0
9,38,255,0,0
9,39,255,0,0
9,40,255,0,0
9,41,255,0,0
9,42,255,0,0
10,5,255,0,0
10,9,255,0,0
10,26,255,0,0
10,36,255,0,0
10,42,255,0,0
11,6,255,0,0
11,9,255,0,0
11,26,255,0,0
11,35,255,0,0
11,43,255,0,0
12,6,255,0,0
12,9,255,0,0
12,10,255,0,0
12,11,255,0,0
12,12,255,0,0
12,13,255,0,0
12,14,255,0,0
12,15,255,0,0
12,26,255,0,0
12,35,255,0,0
12,43,255,0,0
