3,4,255,0,0
3,21,255,0,0
3,22,255,0,0
3,23,255,0,0
3,24,255,0,0
3,25,255,0,0
3,26,255,0,0
3,34,255,0,0
3,41,255,0,0
3,42,255,0,0
3,43,255,0,0
3,44,255,0,0
4,4,255,0,0
4,21,255,0,0
4,27,255,0,0
4,34,255,0,0
4,41,255,0,0
5,4,255,0,0
5,21,255,0,0
5,27,255,0,0
5,33,255,0,0
5,35,255,0,0
5,41,255,0,0
6,4,255,0,0
6,21,255,0,0
6,27,255,0,0
6,33,255,0,0
6,35,255,0,0
6,41,255,0,0
7,4,255,0,0
7,21,255,0,0
7,27,255,0,0
7,32,255,0,0
7,36,255,0,0
7,41,255,0,0
8,4,255,0,0
8,21,255,0,0
8,22,255,0,0
8,23,255,0,0
8,24,255,0,0
8,25,255,0,0
8,26,255,0,0
8,32,255,0,0
8,36,255,0,0
8,41,255,0,0
9,0,255,0,0
9,4,255,0,0
9,21,255,0,0
9,31,255,0,0
9,32,255,0,0
9,33,255,0,0
9,34,255,0,0
9,35,255,0,0
9,36,255,0,0
9,37,255,0,0
9,41,255,0,0
10,0,255,0,0
10,4,255,0,0
10,21,255,0,0
10,31,255,0,0
10,37,255,0,0
10,41,255,0,0
11,1,255,0,0
11,4,255,0,0
11,21,255,0,0
11,30,255,0,0
11,38,255,0,0
11,41,255,0,0
12,1,255,0,0
12,4,255,0,0
12,5,255,0,0
12,6,255,0,0
12,7,255,0,0
12,8,255,0,0
12,9,255,0,0
12,10,255,0,0
12,21,255,0,0
12,30,255,0,0
12,38,255,0,0
12,41,255,0,0
12,42,255,0,0
12,43,255,0,0
12,44,255,0,0
