3,3,255,0,0
3,20,255,0,0
3,21,255,0,0
3,22,255,0,0
3,23,255,0,0
3,24,255,0,0
3,25,255,0,0
3,33,255,0,0
3,40,255,0,0
3,41,255,0,0
3,42,255,0,0
3,43,255,0,0
3,44,255,0,0
4,3,255,0,0
4,20,255,0,0
4,26,255,0,0
4,33,255,0,0
4,40,255,0,0
5,3,255,0,0
5,20,255,0,0
5,26,255,0,0
5,32,255,0,0
5,34,255,0,0
5,40,255,0,0
6,3,255,0,0
6,20,255,0,0
6,26,255,0,0
6,32,255,0,0
6,34,255,0,0
6,40,255,0,0
7,3,255,0,0
7,20,255,0,0
7,26,255,0,0
7,31,255,0,0
7,35,255,0,0
7,40,255,0,0
8,3,255,0,0
8,20,255,0,0
8,21,255,0,0
8,22,255,0,0
8,23,255,0,0
8,24,255,0,0
8,25,255,0,0
8,31,255,0,0
8,35,255,0,0
8,40,255,0,0
9,3,255,0,0
9,20,255,0,0
9,30,255,0,0
9,31,255,0,0
9,32,255,0,0
9,33,255,0,0
9,34,255,0,0
9,35,255,0,0
9,36,255,0,0
9,40,255,0,0
10,3,255,0,0
10,20,255,0,0
10,30,255,0,0
10,36,255,0,0
10,40,255,0,0
11,0,255,0,0
11,3,255,0,0
11,20,255,0,0
11,29,255,0,0
11,37,255,0,0
11,40,255,0,0
12,0,255,0,0
12,3,255,0,0
12,4,255,0,0
12,5,255,0,0
12,6,255,0,0
12,7,255,0,0
12,8,255,0,0
12,9,255,0,0
12,20,255,0,0
12,29,255,0,0
12,37,255,0,0
12,40,255,0,0
12,41,255,0,0
12,42,255,0,0
12,43,255,0,0
12,44,255,0,0
