3,13,255,0,0
3,14,255,0,0
3,15,255,0,0
3,16,255,0,0
3,17,255,0,0
3,18,255,0,0
3,26,255,0,0
3,33,255,0,0
3,34,255,0,0
3,35,255,0,0
3,36,255,0,0
3,37,255,0,0
3,43,255,0,0
3,44,255,0,0
4,13,255,0,0
4,19,255,0,0
4,26,255,0,0
4,33,255,0,0
4,38,255,0,0
4,43,255,0,0
5,13,255,0,0
5,19,255,0,0
5,25,255,0,0
5,27,255,0,0
5,33,255,0,0
5,38,255,0,0
5,43,255,0,0
6,13,255,0,0
6,19,255,0,0
6,25,255,0,0
6,27,255,0,0
6,33,255,0,0
6,39,255,0,0
6,43,255,0,0
7,13,255,0,0
7,19,255,0,0
7,24,255,0,0
7,28,255,0,0
7,33,255,0,0
7,39,255,0,0
7,43,255,0,0
8,13,255,0,0
8,14,255,0,0
8,15,255,0,0
8,16,255,0,0
8,17,255,0,0
8,18,255,0,0
8,24,255,0,0
8,28,255,0,0
8,33,255,0,0
8,39,255,0,0
8,43,255,0,0
8,44,255,0,0
9,13,255,0,0
9,23,255,0,0
9,24,255,0,0
9,25,255,0,0
9,26,255,0,0
9,27,255,0,0
9,28,255,0,0
9,29,255,0,0
9,33,255,0,0
9,39,255,0,0
9,43,255,0,0
10,13,255,0,0
10,23,255,0,0
10,29,255,0,0
10,33,255,0,0
10,39,255,0,0
10,43,255,0,0
11,13,255,0,0
11,22,255,0,0
11,30,255,0,0
11,33,255,0,0
11,38,255,0,0
11,43,255,0,0
12,0,255,0,0
12,1,255,0,0
12,2,255,0,0
12,13,255,0,0
12,22,255,0,0
12,30,255,0,0
12,33,255,0,0
12,34,255,0,0
12,35,255,0,0
12,36,255,0,0
12,37,255,0,0
12,43,255,0,0
