3,5,255,0,0
3,6,255,0,0
3,7,255,0,0
3,8,255,0,0
3,9,255,0,0
3,10,255,0,0
3,18,255,0,0
3,25,255,0,0
3,26,255,0,0
3,27,255,0,0
3,28,255,0,0
3,29,255,0,0
3,35,255,0,0
3,36,255,0,0
3,37,255,0,0
3,38,255,0,0
3,39,255,0,0
3,40,255,0,0
4,5,255,0,0
4,11,255,0,0
4,18,255,0,0
4,25,255,0,0
4,30,255,0,0
4,35,255,0,0
4,41,255,0,0
5,5,255,0,0
5,11,255,0,0
5,17,255,0,0
5,19,255,0,0
5,25,255,0,0
5,30,255,0,0
5,35,255,0,0
5,41,255,0,0
6,5,255,0,0
6,11,255,0,0
6,17,255,0,0
6,19,255,0,0
6,25,255,0,0
6,31,255,0,0
6,35,255,0,0
6,41,255,0,0
7,5,255,0,0
7,11,255,0,0
7,16,255,0,0
7,20,255,0,0
7,25,255,0,0
7,31,255,0,0
7,35,255,0,0
7,41,255,0,0
8,5,255,0,0
8,6,255,0,0
8,7,255,0,0
8,8,255,0,0
8,9,255,0,0
8,10,255,0,0
8,16,255,0,0
8,20,255,0,0
8,25,255,0,0
8,31,255,0,0
8,35,255,0,0
8,36,255,0,0
8,37,255,0,0
8,38,255,0,0
8,39,255,0,0
8,40,255,0,0
9,5,255,0,0
9,15,255,0,0
9,16,255,0,0
9,17,255,0,0
9,18,255,0,0
9,19,255,0,0
9,20,255,0,0
9,21,255,0,0
9,25,255,0,0
9,31,255,0,0
9,35,255,0,0
9,39,255,0,0
10,5,255,0,0
10,15,255,0,0
10,21,255,0,0
10,25,255,0,0
10,31,255,0,0
10,35,255,0,0
10,39,255,0,0
11,5,255,0,0
11,14,255,0,0
11,22,255,0,0
11,25,255,0,0
11,30,255,0,0
11,35,255,0,0
11,40,255,0,0
12,5,255,0,0
12,14,255,0,0
12,22,255,0,0
12,25,255,0,0
12,26,255,0,0
12,27,255,0,0
12,28,255,0,0
12,29,255,0,0
12,35,255,0,0
12,41,255,0,0
