3,0,255,0,0
3,8,255,0,0
3,15,255,0,0
3,16,255,0,0
3,17,255,0,0
3,18,255,0,0
3,19,255,0,0
3,25,255,0,0
3,26,255,0,0
3,27,255,0,0
3,28,255,0,0
3,29,255,0,0
3,30,255,0,0
3,38,255,0,0
3,39,255,0,0
3,40,255,0,0
4,1,255,0,0
4,8,255,0,0
4,15,255,0,0
4,20,255,0,0
4,25,255,0,0
4,31,255,0,0
4,36,255,0,0
4,37,255,0,0
4,41,255,0,0
5,1,255,0,0
5,7,255,0,0
5,9,255,0,0
5,15,255,0,0
5,20,255,0,0
5,25,255,0,0
5,31,255,0,0
5,36,255,0,0
5,41,255,0,0
6,1,255,0,0
6,7,255,0,0
6,9,255,0,0
6,15,255,0,0
6,21,255,0,0
6,25,255,0,0
6,31,255,0,0
6,35,255,0,0
6,42,255,0,0
7,1,255,0,0
7,6,255,0,0
7,10,255,0,0
7,15,255,0,0
7,21,255,0,0
7,25,255,0,0
7,31,255,0,0
7,35,255,0,0
7,42,255,0,0
8,0,255,0,0
8,6,255,0,0
8,10,255,0,0
8,15,255,0,0
8,21,255,0,0
8,25,255,0,0
8,26,255,0,0
8,27,255,0,0
8,28,255,0,0
8,29,255,0,0
8,30,255,0,0
8,35,255,0,0
8,42,255,0,0
9,5,255,0,0
9,6,255,0,0
9,7,255,0,0
9,8,255,0,0
9,9,255,0,0
9,10,255,0,0
9,11,255,0,0
9,15,255,0,0
9,21,255,0,0
9,25,255,0,0
9,29,255,0,0
9,35,255,0,0
9,42,255,0,0
10,5,255,0,0
10,11,255,0,0
10,15,255,0,0
10,21,255,0,0
10,25,255,0,0
10,29,255,0,0
10,35,255,0,0
10,42,255,0,0
11,4,255,0,0
11,12,255,0,0
11,15,255,0,0
11,20,255,0,0
11,25,255,0,0
11,30,255,0,0
11,36,255,0,0
11,37,255,0,0
11,41,255,0,0
12,4,255,0,0
12,12,255,0,0
12,15,255,0,0
12,16,255,0,0
12,17,255,0,0
12,18,255,0,0
12,19,255,0,0
12,25,255,0,0
12,31,255,0,0
12,38,255,0,0
12,39,255,0,0
12,40,255,0,0
