3,4,255,0,0
3,5,255,0,0
3,6,255,0,0
3,7,255,0,0
3,8,255,0,0
3,14,255,0,0
3,15,255,0,0
3,16,255,0,0
3,17,255,0,0
3,18,255,0,0
3,19,255,0,0
3,27,255,0,0
3,28,255,0,0
3,29,255,0,0
3,35,255,0,0
3,41,255,0,0
4,4,255,0,0
4,9,255,0,0
4,14,255,0,0
4,20,255,0,0
4,25,255,0,0
4,26,255,0,0
4,30,255,0,0
4,35,255,0,0
4,36,255,0,0
4,41,255,0,0
5,4,255,0,0
5,9,255,0,0
5,14,255,0,0
5,20,255,0,0
5,25,255,0,0
5,30,255,0,0
5,35,255,0,0
5,36,255,0,0
5,41,255,0,0
6,4,255,0,0
6,10,255,0,0
6,14,255,0,0
6,20,255,0,0
6,24,255,0,0
6,31,255,0,0
6,35,255,0,0
6,37,255,0,0
6,41,255,0,0
7,4,255,0,0
7,10,255,0,0
7,14,255,0,0
7,20,255,0,0
7,24,255,0,0
7,31,255,0,0
7,35,255,0,0
7,38,255,0,0
7,41,255,0,0
8,4,255,0,0
8,10,255,0,0
8,14,255,0,0
8,15,255,0,0
8,16,255,0,0
8,17,255,0,0
8,18,255,0,0
8,19,255,0,0
8,24,255,0,0
8,31,255,0,0
8,35,255,0,0
8,38,255,0,0
8,41,255,0,0
9,0,255,0,0
9,4,255,0,0
9,10,255,0,0
9,14,255,0,0
9,18,255,0,0
9,24,255,0,0
9,31,255,0,0
9,35,255,0,0
9,39,255,0,0
9,41,255,0,0
10,0,255,0,0
10,4,255,0,0
10,10,255,0,0
10,14,255,0,0
10,18,255,0,0
10,24,255,0,0
10,31,255,0,0
10,35,255,0,0
10,40,255,0,0
10,41,255,0,0
11,1,255,0,0
11,4,255,0,0
11,9,255,0,0
11,14,255,0,0
11,19,255,0,0
11,25,255,0,0
11,26,255,0,0
11,30,255,0,0
11,35,255,0,0
11,40,255,0,0
11,41,255,0,0
12,1,255,0,0
12,4,255,0,0
12,5,255,0,0
12,6,255,0,0
12,7,255,0,0
12,8,255,0,0
12,14,255,0,0
12,20,255,0,0
12,27,255,0,0
12,28,255,0,0
12,29,255,0,0
12,35,255,0,0
12,41,255,0,0
