3,3,255,0,0
3,4,255,0,0
3,5,255,0,0
3,6,255,0,0
3,7,255,0,0
3,13,255,0,0
3,14,255,0,0
3,15,255,0,0
3,16,255,0,0
3,17,255,0,0
3,18,255,0,0
3,26,255,0,0
3,27,255,0,0
3,28,255,0,0
3,34,255,0,0
3,40,255,0,0
3,44,255,0,0
4,3,255,0,0
4,8,255,0,0
4,13,255,0,0
4,19,255,0,0
4,24,255,0,0
4,25,255,0,0
4,29,255,0,0
4,34,255,0,0
4,35,255,0,0
4,40,255,0,0
4,44,255,0,0
5,3,255,0,0
5,8,255,0,0
5,13,255,0,0
5,19,255,0,0
5,24,255,0,0
5,29,255,0,0
5,34,255,0,0
5,35,255,0,0
5,40,255,0,0
5,44,255,0,0
6,3,255,0,0
6,9,255,0,0
6,13,255,0,0
6,19,255,0,0
6,23,255,0,0
6,30,255,0,0
6,34,255,0,0
6,36,255,0,0
6,40,255,0,0
6,44,255,0,0
7,3,255,0,0
7,9,255,0,0
7,13,255,0,0
7,19,255,0,0
7,23,255,0,0
7,30,255,0,0
7,34,255,0,0
7,37,255,0,0
7,40,255,0,0
7,44,255,0,0
8,3,255,0,0
8,9,255,0,0
8,13,255,0,0
8,14,255,0,0
8,15,255,0,0
8,16,255,0,0
8,17,255,0,0
8,18,255,0,0
8,23,255,0,0
8,30,255,0,0
8,34,255,0,0
8,37,255,0,0
8,40,255,0,0
8,44,255,0,0
9,3,255,0,0
9,9,255,0,0
9,13,255,0,0
9,17,255,0,0
9,23,255,0,0
9,30,255,0,0
9,34,255,0,0
9,38,255,0,0
9,40,255,0,0
9,44,255,0,0
10,3,255,0,0
10,9,255,0,0
10,13,255,0,0
10,17,255,0,0
10,23,255,0,0
10,30,255,0,0
10,34,255,0,0
10,39,255,0,0
10,40,255,0,0
10,44,255,0,0
11,0,255,0,0
11,3,255,0,0
11,8,255,0,0
11,13,255,0,0
11,18,255,0,0
11,24,255,0,0
11,25,255,0,0
11,29,255,0,0
11,34,255,0,0
11,39,255,0,0
11,40,255,0,0
11,44,255,0,0
12,0,255,0,0
12,3,255,0,0
12,4,255,0,0
12,5,255,0,0
12,6,255,0,0
12,7,255,0,0
12,13,255,0,0
12,19,255,0,0
12,26,255,0,0
12,27,255,0,0
12,28,255,0,0
12,34,255,0,0
12,40,255,0,0
12,44,255,0,0
