3,0,255,0,0
3,1,255,0,0
3,2,255,0,0
3,3,255,0,0
3,4,255,0,0
3,10,255,0,0
3,11,255,0,0
3,12,255,0,0
3,13,255,0,0
3,14,255,0,0
3,15,255,0,0
3,23,255,0,0
3,24,255,0,0
3,25,255,0,0
3,31,255,0,0
3,37,255,0,0
3,41,255,0,0
3,42,255,0,0
3,43,255,0,0
3,44,255,0,0
4,0,255,0,0
4,5,255,0,0
4,10,255,0,0
4,16,255,0,0
4,21,255,0,0
4,22,255,0,0
4,26,255,0,0
4,31,255,0,0
4,32,255,0,0
4,37,255,0,0
4,41,255,0,0
5,0,255,0,0
5,5,255,0,0
5,10,255,0,0
5,16,255,0,0
5,21,255,0,0
5,26,255,0,0
5,31,255,0,0
5,32,255,0,0
5,37,255,0,0
5,41,255,0,0
6,0,255,0,0
6,6,255,0,0
6,10,255,0,0
6,16,255,0,0
6,20,255,0,0
6,27,255,0,0
6,31,255,0,0
6,33,255,0,0
6,37,255,0,0
6,41,255,0,0
7,0,255,0,0
7,6,255,0,0
7,10,255,0,0
7,16,255,0,0
7,20,255,0,0
7,27,255,0,0
7,31,255,0,0
7,34,255,0,0
7,37,255,0,0
7,41,255,0,0
7,42,255,0,0
7,43,255,0,0
7,44,255,0,0
8,0,255,0,0
8,6,255,0,0
8,10,255,0,0
8,11,255,0,0
8,12,255,0,0
8,13,255,0,0
8,14,255,0,0
8,15,255,0,0
8,20,255,0,0
8,27,255,0,0
8,31,255,0,0
8,34,255,0,0
8,37,255,0,0
8,41,255,0,0
9,0,255,0,0
9,6,255,0,0
9,10,255,0,0
9,14,255,0,0
9,20,255,0,0
9,27,255,0,0
9,31,255,0,0
9,35,255,0,0
9,37,255,0,0
9,41,255,0,0
10,0,255,0,0
10,6,255,0,0
10,10,255,0,0
10,14,255,0,0
10,20,255,0,0
10,27,255,0,0
10,31,255,0,0
10,36,255,0,0
10,37,255,0,0
10,41,255,0,0
11,0,255,0,0
11,5,255,0,0
11,10,255,0,0
11,15,255,0,0
11,21,255,0,0
11,22,255,0,0
11,26,255,0,0
11,31,255,0,0
11,36,255,0,0
11,37,255,0,0
11,41,255,0,0
12,0,255,0,0
12,1,255,0,0
12,2,255,0,0
12,3,255,0,0
12,4,255,0,0
12,10,255,0,0
12,16,255,0,0
12,23,255,0,0
12,24,255,0,0
12,25,255,0,0
12,31,255,0,0
12,37,255,0,0
12,41,255,0,0
12,42,255,0,0
12,43,255,0,0
12,44,255,0,0
