3,0,255,0,0
3,1,255,0,0
3,2,255,0,0
3,3,255,0,0
3,9,255,0,0
3,10,255,0,0
3,11,255,0,0
3,12,255,0,0
3,13,255,0,0
3,14,255,0,0
3,22,255,0,0
3,23,255,0,0
3,24,255,0,0
3,30,255,0,0
3,36,255,0,0
3,40,255,0,0
3,41,255,0,0
3,42,255,0,0
3,43,255,0,0
3,44,255,0,0
4,4,255,0,0
4,9,255,0,0
4,15,255,0,0
4,20,255,0,0
4,21,255,0,0
4,25,255,0,0
4,30,255,0,0
4,31,255,0,0
4,36,255,0,0
4,40,255,0,0
5,4,255,0,0
5,9,255,0,0
5,15,255,0,0
5,20,255,0,0
5,25,255,0,0
5,30,255,0,0
5,31,255,0,0
5,36,255,0,0
5,40,255,0,0
6,5,255,0,0
6,9,255,0,0
6,15,255,0,0
6,19,255,0,0
6,26,255,0,0
6,30,255,0,0
6,32,255,0,0
6,36,255,0,0
6,40,255,0,0
7,5,255,0,0
7,9,255,0,0
7,15,255,0,0
7,19,255,0,0
7,26,255,0,0
7,30,255,0,0
7,33,255,0,0
7,36,255,0,0
7,40,255,0,0
7,41,255,0,0
7,42,255,0,0
7,43,255,0,0
7,44,255,0,0
8,5,255,0,0
8,9,255,0,0
8,10,255,0,0
8,11,255,0,0
8,12,255,0,0
8,13,255,0,0
8,14,255,0,0
8,19,255,0,0
8,26,255,0,0
8,30,255,0,0
8,33,255,0,0
8,36,255,0,0
8,40,255,0,0
9,5,255,0,0
9,9,255,0,0
9,13,255,0,0
9,19,255,0,0
9,26,255,0,0
9,30,255,0,0
9,34,255,0,0
9,36,255,0,0
9,40,255,0,0
10,5,255,0,0
10,9,255,0,0
10,13,255,0,0
10,19,255,0,0
10,26,255,0,0
10,30,255,0,0
10,35,255,0,0
10,36,255,0,0
10,40,255,0,0
11,4,255,0,0
11,9,255,0,0
11,14,255,0,0
11,20,255,0,0
11,21,255,0,0
11,25,255,0,0
11,30,255,0,0
11,35,255,0,0
11,36,255,0,0
11,40,255,0,0
12,0,255,0,0
12,1,255,0,0
12,2,255,0,0
12,3,255,0,0
12,9,255,0,0
12,15,255,0,0
12,22,255,0,0
12,23,255,0,0
12,24,255,0,0
12,30,255,0,0
12,36,255,0,0
12,40,255,0,0
12,41,255,0,0
12,42,255,0,0
12,43,255,0,0
12,44,255,0,0
