3,0,255,0,0
3,6,255,0,0
3,7,255,0,0
3,8,255,0,0
3,9,255,0,0
3,10,255,0,0
3,11,255,0,0
3,19,255,0,0
3,20,255,0,0
3,21,255,0,0
3,27,255,0,0
3,33,255,0,0
3,37,255,0,0
3,38,255,0,0
3,39,255,0,0
3,40,255,0,0
3,41,255,0,0
3,42,255,0,0
3,43,255,0,0
4,1,255,0,0
4,6,255,0,0
4,12,255,0,0
4,17,255,0,0
4,18,255,0,0
4,22,255,0,0
4,27,255,0,0
4,28,255,0,0
4,33,255,0,0
4,37,255,0,0
5,1,255,0,0
5,6,255,0,0
5,12,255,0,0
5,17,255,0,0
5,22,255,0,0
5,27,255,0,0
5,28,255,0,0
5,33,255,0,0
5,37,255,0,0
6,2,255,0,0
6,6,255,0,0
6,12,255,0,0
6,16,255,0,0
6,23,255,0,0
6,27,255,0,0
6,29,255,0,0
6,33,255,0,0
6,37,255,0,0
7,2,255,0,0
7,6,255,0,0
7,12,255,0,0
7,16,255,0,0
7,23,255,0,0
7,27,255,0,0
7,30,255,0,0
7,33,255,0,0
7,37,255,0,0
7,38,255,0,0
7,39,255,0,0
7,40,255,0,0
7,41,255,0,0
8,2,255,0,0
8,6,255,0,0
8,7,255,0,0
8,8,255,0,0
8,9,255,0,0
8,10,255,0,0
8,11,255,0,0
8,16,255,0,0
8,23,255,0,0
8,27,255,0,0
8,30,255,0,0
8,33,255,0,0
8,37,255,0,0
9,2,255,0,0
9,6,255,0,0
9,10,255,0,0
9,16,255,0,0
9,23,255,0,0
9,27,255,0,0
9,31,255,0,0
9,33,255,0,0
9,37,255,0,0
10,2,255,0,0
10,6,255,0,0
10,10,255,0,0
10,16,255,0,0
10,23,255,0,0
10,27,255,0,0
10,32,255,0,0
10,33,255,0,0
10,37,255,0,0
11,1,255,0,0
11,6,255,0,0
11,11,255,0,0
11,17,255,0,0
11,18,255,0,0
11,22,255,0,0
11,27,255,0,0
11,32,255,0,0
11,33,255,0,0
11,37,255,0,0
12,0,255,0,0
12,6,255,0,0
12,12,255,0,0
12,19,255,0,0
12,20,255,0,0
12,21,255,0,0
12,27,255,0,0
12,33,255,0,0
12,37,255,0,0
12,38,255,0,0
12,39,255,0,0
12,40,255,0,0
12,41,255,0,0
12,42,255,0,0
12,43,255,0,0
