3,0,255,0,0
3,1,255,0,0
3,2,255,0,0
3,3,255,0,0
3,4,255,0,0
3,5,255,0,0
3,13,255,0,0
3,14,255,0,0
3,15,255,0,0
3,21,255,0,0
3,27,255,0,0
3,31,255,0,0
3,32,255,0,0
3,33,255,0,0
3,34,255,0,0
3,35,255,0,0
3,36,255,0,0
3,37,255,0,0
4,0,255,0,0
4,6,255,0,0
4,11,255,0,0
4,12,255,0,0
4,16,255,0,0
4,21,255,0,0
4,22,255,0,0
4,27,255,0,0
4,31,255,0,0
5,0,255,0,0
5,6,255,0,0
5,11,255,0,0
5,16,255,0,0
5,21,255,0,0
5,22,255,0,0
5,27,255,0,0
5,31,255,0,0
6,0,255,0,0
6,6,255,0,0
6,10,255,0,0
6,17,255,0,0
6,21,255,0,0
6,23,255,0,0
6,27,255,0,0
6,31,255,0,0
7,0,255,0,0
7,6,255,0,0
7,10,255,0,0
7,17,255,0,0
7,21,255,0,0
7,24,255,0,0
7,27,255,0,0
7,31,255,0,0
7,32,255,0,0
7,33,255,0,0
7,34,255,0,0
7,35,255,0,0
8,0,255,0,0
8,1,255,0,0
8,2,255,0,0
8,3,255,0,0
8,4,255,0,0
8,5,255,0,0
8,10,255,0,0
8,17,255,0,0
8,21,255,0,0
8,24,255,0,0
8,27,255,0,0
8,31,255,0,0
9,0,255,0,0
9,4,255,0,0
9,10,255,0,0
9,17,255,0,0
9,21,255,0,0
9,25,255,0,0
9,27,255,0,0
9,31,255,0,0
10,0,255,0,0
10,4,255,0,0
10,10,255,0,0
10,17,255,0,0
10,21,255,0,0
10,26,255,0,0
10,27,255,0,0
10,31,255,0,0
11,0,255,0,0
11,5,255,0,0
11,11,255,0,0
11,12,255,0,0
11,16,255,0,0
11,21,255,0,0
11,26,255,0,0
11,27,255,0,0
11,31,255,0,0
12,0,255,0,0
12,6,255,0,0
12,13,255,0,0
12,14,255,0,0
12,15,255,0,0
12,21,255,0,0
12,27,255,0,0
12,31,255,0,0
12,32,255,0,0
12,33,255,0,0
12,34,255,0,0
12,35,255,0,0
12,36,255,0,0
12,37,255,0,0
