3,0,255,0,0
3,1,255,0,0
3,2,255,0,0
3,3,255,0,0
3,11,255,0,0
3,12,255,0,0
3,13,255,0,0
3,19,255,0,0
3,25,255,0,0
3,29,255,0,0
3,30,255,0,0
3,31,255,0,0
3,32,255,0,0
3,33,255,0,0
3,34,255,0,0
3,35,255,0,0
4,4,255,0,0
4,9,255,0,0
4,10,255,0,0
4,14,255,0,0
4,19,255,0,0
4,20,255,0,0
4,25,255,0,0
4,29,255,0,0
5,4,255,0,0
5,9,255,0,0
5,14,255,0,0
5,19,255,0,0
5,20,255,0,0
5,25,255,0,0
5,29,255,0,0
6,4,255,0,0
6,8,255,0,0
6,15,255,0,0
6,19,255,0,0
6,21,255,0,0
6,25,255,0,0
6,29,255,0,0
7,4,255,0,0
7,8,255,0,0
7,15,255,0,0
7,19,255,0,0
7,22,255,0,0
7,25,255,0,0
7,29,255,0,0
7,30,255,0,0
7,31,255,0,0
7,32,255,0,0
7,33,255,0,0
8,0,255,0,0
8,1,255,0,0
8,2,255,0,0
8,3,255,0,0
8,8,255,0,0
8,15,255,0,0
8,19,255,0,0
8,22,255,0,0
8,25,255,0,0
8,29,255,0,0
9,2,255,0,0
9,8,255,0,0
9,15,255,0,0
9,19,255,0,0
9,23,255,0,0
9,25,255,0,0
9,29,255,0,0
10,2,255,0,0
10,8,255,0,0
10,15,255,0,0
10,19,255,0,0
10,24,255,0,0
10,25,255,0,0
10,29,255,0,0
11,3,255,0,0
11,9,255,0,0
11,10,255,0,0
11,14,255,0,0
11,19,255,0,0
11,24,255,0,0
11,25,255,0,0
11,29,255,0,0
12,4,255,0,0
12,11,255,0,0
12,12,255,0,0
12,13,255,0,0
12,19,255,0,0
12,25,255,0,0
12,29,255,0,0
12,30,255,0,0
12,31,255,0,0
12,32,255,0,0
12,33,255,0,0
12,34,255,0,0
12,35,255,0,0
