3,0,255,0,0
3,1,255,0,0
3,2,255,0,0
3,10,255,0,0
3,11,255,0,0
3,12,255,0,0
3,18,255,0,0
3,24,255,0,0
3,28,255,0,0
3,29,255,0,0
3,30,255,0,0
3,31,255,0,0
3,32,255,0,0
3,33,255,0,0
3,34,255,0,0
4,3,255,0,0
4,8,255,0,0
4,9,255,0,0
4,13,255,0,0
4,18,255,0,0
4,19,255,0,0
4,24,255,0,0
4,28,255,0,0
5,3,255,0,0
5,8,255,0,0
5,13,255,0,0
5,18,255,0,0
5,19,255,0,0
5,24,255,0,0
5,28,255,0,0
6,3,255,0,0
6,7,255,0,0
6,14,255,0,0
6,18,255,0,0
6,20,255,0,0
6,24,255,0,0
6,28,255,0,0
7,3,255,0,0
7,7,255,0,0
7,14,255,0,0
7,18,255,0,0
7,21,255,0,0
7,24,255,0,0
7,28,255,0,0
7,29,255,0,0
7,30,255,0,0
7,31,255,0,0
7,32,255,0,0
8,0,255,0,0
8,1,255,0,0
8,2,255,0,0
8,7,255,0,0
8,14,255,0,0
8,18,255,0,0
8,21,255,0,0
8,24,255,0,0
8,28,255,0,0
9,1,255,0,0
9,7,255,0,0
9,14,255,0,0
9,18,255,0,0
9,22,255,0,0
9,24,255,0,0
9,28,255,0,0
10,1,255,0,0
10,7,255,0,0
10,14,255,0,0
10,18,255,0,0
10,23,255,0,0
10,24,255,0,0
10,28,255,0,0
11,2,255,0,0
11,8,255,0,0
11,9,255,0,0
11,13,255,0,0
11,18,255,0,0
11,23,255,0,0
11,24,255,0,0
11,28,255,0,0
12,3,255,0,0
12,10,255,0,0
12,11,255,0,0
12,12,255,0,0
12,18,255,0,0
12,24,255,0,0
12,28,255,0,0
12,29,255,0,0
12,30,255,0,0
12,31,255,0,0
12,32,255,0,0
12,33,255,0,0
12,34,255,0,0
