3,0,255,0,0
3,8,255,0,0
3,9,255,0,0
3,10,255,0,0
3,16,255,0,0
3,22,255,0,0
3,26,255,0,0
3,27,255,0,0
3,28,255,0,0
3,29,255,0,0
3,30,255,0,0
3,31,255,0,0
3,32,255,0,0
3,44,255,0,0
4,1,255,0,0
4,6,255,0,0
4,7,255,0,0
4,11,255,0,0
4,16,255,0,0
4,17,255,0,0
4,22,255,0,0
4,26,255,0,0
4,44,255,0,0
5,1,255,0,0
5,6,255,0,0
5,11,255,0,0
5,16,255,0,0
5,17,255,0,0
5,22,255,0,0
5,26,255,0,0
5,44,255,0,0
6,1,255,0,0
6,5,255,0,0
6,12,255,0,0
6,16,255,0,0
6,18,255,0,0
6,22,255,0,0
6,26,255,0,0
6,44,255,0,0
7,1,255,0,0
7,5,255,0,0
7,12,255,0,0
7,16,255,0,0
7,19,255,0,0
7,22,255,0,0
7,26,255,0,0
7,27,255,0,0
7,28,255,0,0
7,29,255,0,0
7,30,255,0,0
7,44,255,0,0
8,0,255,0,0
8,5,255,0,0
8,12,255,0,0
8,16,255,0,0
8,19,255,0,0
8,22,255,0,0
8,26,255,0,0
8,44,255,0,0
9,5,255,0,0
9,12,255,0,0
9,16,255,0,0
9,20,255,0,0
9,22,255,0,0
9,26,255,0,0
9,44,255,0,0
10,5,255,0,0
10,12,255,0,0
10,16,255,0,0
10,21,255,0,0
10,22,255,0,0
10,26,255,0,0
10,44,255,0,0
11,0,255,0,0
11,6,255,0,0
11,7,255,0,0
11,11,255,0,0
11,16,255,0,0
11,21,255,0,0
11,22,255,0,0
11,26,255,0,0
11,44,255,0,0
12,1,255,0,0
12,8,255,0,0
12,9,255,0,0
12,10,255,0,0
12,16,255,0,0
12,22,255,0,0
12,26,255,0,0
12,27,255,0,0
12,28,255,0,0
12,29,255,0,0
12,30,255,0,0
12,31,255,0,0
12,32,255,0,0
12,44,255,0,0
