3,7,255,0,0
3,8,255,0,0
3,9,255,0,0
3,15,255,0,0
3,21,255,0,0
3,25,255,0,0
3,26,255,0,0
3,27,255,0,0
3,28,255,0,0
3,29,255,0,0
3,30,255,0,0
3,31,255,0,0
3,43,255,0,0
3,44,255,0,0
4,0,255,0,0
4,5,255,0,0
4,6,255,0,0
4,10,255,0,0
4,15,255,0,0
4,16,255,0,0
4,21,255,0,0
4,25,255,0,0
4,43,255,0,0
5,0,255,0,0
5,5,255,0,0
5,10,255,0,0
5,15,255,0,0
5,16,255,0,0
5,21,255,0,0
5,25,255,0,0
5,43,255,0,0
6,0,255,0,0
6,4,255,0,0
6,11,255,0,0
6,15,255,0,0
6,17,255,0,0
6,21,255,0,0
6,25,255,0,0
6,43,255,0,0
7,0,255,0,0
7,4,255,0,0
7,11,255,0,0
7,15,255,0,0
7,18,255,0,0
7,21,255,0,0
7,25,255,0,0
7,26,255,0,0
7,27,255,0,0
7,28,255,0,0
7,29,255,0,0
7,43,255,0,0
8,4,255,0,0
8,11,255,0,0
8,15,255,0,0
8,18,255,0,0
8,21,255,0,0
8,25,255,0,0
8,43,255,0,0
9,4,255,0,0
9,11,255,0,0
9,15,255,0,0
9,19,255,0,0
9,21,255,0,0
9,25,255,0,0
9,43,255,0,0
10,4,255,0,0
10,11,255,0,0
10,15,255,0,0
10,20,255,0,0
10,21,255,0,0
10,25,255,0,0
10,43,255,0,0
11,5,255,0,0
11,6,255,0,0
11,10,255,0,0
11,15,255,0,0
11,20,255,0,0
11,21,255,0,0
11,25,255,0,0
11,43,255,0,0
12,0,255,0,0
12,7,255,0,0
12,8,255,0,0
12,9,255,0,0
12,15,255,0,0
12,21,255,0,0
12,25,255,0,0
12,26,255,0,0
12,27,255,0,0
12,28,255,0,0
12,29,255,0,0
12,30,255,0,0
12,31,255,0,0
12,43,255,0,0
12,44,255,0,0
