3,0,255,0,0
3,1,255,0,0
3,2,255,0,0
3,8,255,0,0
3,14,255,0,0
3,18,255,0,0
3,19,255,0,0
3,20,255,0,0
3,21,255,0,0
3,22,255,0,0
3,23,255,0,0
3,24,255,0,0
3,36,255,0,0
3,37,255,0,0
3,38,255,0,0
3,39,255,0,0
3,40,255,0,0
4,3,255,0,0
4,8,255,0,0
4,9,255,0,0
4,14,255,0,0
4,18,255,0,0
4,36,255,0,0
4,41,255,0,0
5,3,255,0,0
5,8,255,0,0
5,9,255,0,0
5,14,255,0,0
5,18,255,0,0
5,36,255,0,0
5,41,255,0,0
6,4,255,0,0
6,8,255,0,0
6,10,255,0,0
6,14,255,0,0
6,18,255,0,0
6,36,255,0,0
6,42,255,0,0
7,4,255,0,0
7,8,255,0,0
7,11,255,0,0
7,14,255,0,0
7,18,255,0,0
7,19,255,0,0
7,20,255,0,0
7,21,255,0,0
7,22,255,0,0
7,36,255,0,0
7,42,255,0,0
8,4,255,0,0
8,8,255,0,0
8,11,255,0,0
8,14,255,0,0
8,18,255,0,0
8,36,255,0,0
8,42,255,0,0
9,4,255,0,0
9,8,255,0,0
9,12,255,0,0
9,14,255,0,0
9,18,255,0,0
9,36,255,0,0
9,42,255,0,0
10,4,255,0,0
10,8,255,0,0
10,13,255,0,0
10,14,255,0,0
10,18,255,0,0
10,36,255,0,0
10,42,255,0,0
11,3,255,0,0
11,8,255,0,0
11,13,255,0,0
11,14,255,0,0
11,18,255,0,0
11,36,255,0,0
11,41,255,0,0
12,0,255,0,0
12,1,255,0,0
12,2,255,0,0
12,8,255,0,0
12,14,255,0,0
12,18,255,0,0
12,19,255,0,0
12,20,255,0,0
12,21,255,0,0
12,22,255,0,0
12,23,255,0,0
12,24,255,0,0
12,36,255,0,0
12,37,255,0,0
12,38,255,0,0
12,39,255,0,0
12,40,255,0,0
