3,4,255,0,0
3,10,255,0,0
3,14,255,0,0
3,15,255,0,0
3,16,255,0,0
3,17,255,0,0
3,18,255,0,0
3,19,255,0,0
3,20,255,0,0
3,32,255,0,0
3,33,255,0,0
3,34,255,0,0
3,35,255,0,0
3,36,255,0,0
3,42,255,0,0
3,43,255,0,0
3,44,255,0,0
4,4,255,0,0
4,5,255,0,0
4,10,255,0,0
4,14,255,0,0
4,32,255,0,0
4,37,255,0,0
4,42,255,0,0
5,4,255,0,0
5,5,255,0,0
5,10,255,0,0
5,14,255,0,0
5,32,255,0,0
5,37,255,0,0
5,42,255,0,0
6,0,255,0,0
6,4,255,0,0
6,6,255,0,0
6,10,255,0,0
6,14,255,0,0
6,32,255,0,0
6,38,255,0,0
6,42,255,0,0
7,0,255,0,0
7,4,255,0,0
7,7,255,0,0
7,10,255,0,0
7,14,255,0,0
7,15,255,0,0
7,16,255,0,0
7,17,255,0,0
7,18,255,0,0
7,32,255,0,0
7,38,255,0,0
7,42,255,0,0
7,43,255,0,0
7,44,255,0,0
8,0,255,0,0
8,4,255,0,0
8,7,255,0,0
8,10,255,0,0
8,14,255,0,0
8,32,255,0,0
8,38,255,0,0
8,42,255,0,0
9,0,255,0,0
9,4,255,0,0
9,8,255,0,0
9,10,255,0,0
9,14,255,0,0
9,32,255,0,0
9,38,255,0,0
9,42,255,0,0
10,0,255,0,0
10,4,255,0,0
10,9,255,0,0
10,10,255,0,0
10,14,255,0,0
10,32,255,0,0
10,38,255,0,0
10,42,255,0,0
11,4,255,0,0
11,9,255,0,0
11,10,255,0,0
11,14,255,0,0
11,32,255,0,0
11,37,255,0,0
11,42,255,0,0
12,4,255,0,0
12,10,255,0,0
12,14,255,0,0
12,15,255,0,0
12,16,255,0,0
12,17,255,0,0
12,18,255,0,0
12,19,255,0,0
12,20,255,0,0
12,32,255,0,0
12,33,255,0,0
12,34,255,0,0
12,35,255,0,0
12,36,255,0,0
12,42,255,0,0
12,43,255,0,0
12,44,255,0,0
