3,1,255,0,0
3,7,255,0,0
3,11,255,0,0
3,12,255,0,0
3,13,255,0,0
3,14,255,0,0
3,15,255,0,0
3,16,255,0,0
3,17,255,0,0
3,29,255,0,0
3,30,255,0,0
3,31,255,0,0
3,32,255,0,0
3,33,255,0,0
3,39,255,0,0
3,40,255,0,0
3,41,255,0,0
3,42,255,0,0
3,43,255,0,0
3,44,255,0,0
4,1,255,0,0
4,2,255,0,0
4,7,255,0,0
4,11,255,0,0
4,29,255,0,0
4,34,255,0,0
4,39,255,0,0
5,1,255,0,0
5,2,255,0,0
5,7,255,0,0
5,11,255,0,0
5,29,255,0,0
5,34,255,0,0
5,39,255,0,0
6,1,255,0,0
6,3,255,0,0
6,7,255,0,0
6,11,255,0,0
6,29,255,0,0
6,35,255,0,0
6,39,255,0,0
7,1,255,0,0
7,4,255,0,0
7,7,255,0,0
7,11,255,0,0
7,12,255,0,0
7,13,255,0,0
7,14,255,0,0
7,15,255,0,0
7,29,255,0,0
7,35,255,0,0
7,39,255,0,0
7,40,255,0,0
7,41,255,0,0
7,42,255,0,0
7,43,255,0,0
8,1,255,0,0
8,4,255,0,0
8,7,255,0,0
8,11,255,0,0
8,29,255,0,0
8,35,255,0,0
8,39,255,0,0
9,1,255,0,0
9,5,255,0,0
9,7,255,0,0
9,11,255,0,0
9,29,255,0,0
9,35,255,0,0
9,39,255,0,0
10,1,255,0,0
10,6,255,0,0
10,7,255,0,0
10,11,255,0,0
10,29,255,0,0
10,35,255,0,0
10,39,255,0,0
11,1,255,0,0
11,6,255,0,0
11,7,255,0,0
11,11,255,0,0
11,29,255,0,0
11,34,255,0,0
11,39,255,0,0
12,1,255,0,0
12,7,255,0,0
12,11,255,0,0
12,12,255,0,0
12,13,255,0,0
12,14,255,0,0
12,15,255,0,0
12,16,255,0,0
12,17,255,0,0
12,29,255,0,0
12,30,255,0,0
12,31,255,0,0
12,32,255,0,0
12,33,255,0,0
12,39,255,0,0
12,40,255,0,0
12,41,255,0,0
12,42,255,0,0
12,43,255,0,0
12,44,255,0,0
