3,0,255,0,0
3,1,255,0,0
3,2,255,0,0
3,3,255,0,0
3,15,255,0,0
3,16,255,0,0
3,17,255,0,0
3,18,255,0,0
3,19,255,0,0
3,25,255,0,0
3,26,255,0,0
3,27,255,0,0
3,28,255,0,0
3,29,255,0,0
3,30,255,0,0
3,31,255,0,0
3,35,255,0,0
4,15,255,0,0
4,20,255,0,0
4,25,255,0,0
4,35,255,0,0
5,15,255,0,0
5,20,255,0,0
5,25,255,0,0
5,35,255,0,0
6,15,255,0,0
6,21,255,0,0
6,25,255,0,0
6,35,255,0,0
7,0,255,0,0
7,1,255,0,0
7,15,255,0,0
7,21,255,0,0
7,25,255,0,0
7,26,255,0,0
7,27,255,0,0
7,28,255,0,0
7,29,255,0,0
7,35,255,0,0
8,15,255,0,0
8,21,255,0,0
8,25,255,0,0
8,35,255,0,0
9,15,255,0,0
9,21,255,0,0
9,25,255,0,0
9,35,255,0,0
10,15,255,0,0
10,21,255,0,0
10,25,255,0,0
10,35,255,0,0
11,15,255,0,0
11,20,255,0,0
11,25,255,0,0
11,35,255,0,0
12,0,255,0,0
12,1,255,0,0
12,2,255,0,0
12,3,255,0,0
12,15,255,0,0
12,16,255,0,0
12,17,255,0,0
12,18,255,0,0
12,19,255,0,0
12,25,255,0,0
12,26,255,0,0
12,27,255,0,0
12,28,255,0,0
12,29,255,0,0
12,30,255,0,0
12,31,255,0,0
12,35,255,0,0
12,36,255,0,0
12,37,255,0,0
12,38,255,0,0
12,39,255,0,0
12,40,255,0,0
12,41,255,0,0
