3,0,255,0,0
3,12,255,0,0
3,13,255,0,0
3,14,255,0,0
3,15,255,0,0
3,16,255,0,0
3,22,255,0,0
3,23,255,0,0
3,24,255,0,0
3,25,255,0,0
3,26,255,0,0
3,27,255,0,0
3,28,255,0,0
3,32,255,0,0
4,12,255,0,0
4,17,255,0,0
4,22,255,0,0
4,32,255,0,0
5,12,255,0,0
5,17,255,0,0
5,22,255,0,0
5,32,255,0,0
6,12,255,0,0
6,18,255,0,0
6,22,255,0,0
6,32,255,0,0
7,12,255,0,0
7,18,255,0,0
7,22,255,0,0
7,23,255,0,0
7,24,255,0,0
7,25,255,0,0
7,26,255,0,0
7,32,255,0,0
8,12,255,0,0
8,18,255,0,0
8,22,255,0,0
8,32,255,0,0
9,12,255,0,0
9,18,255,0,0
9,22,255,0,0
9,32,255,0,0
10,12,255,0,0
10,18,255,0,0
10,22,255,0,0
10,32,255,0,0
11,12,255,0,0
11,17,255,0,0
11,22,255,0,0
11,32,255,0,0
12,0,255,0,0
12,12,255,0,0
12,13,255,0,0
12,14,255,0,0
12,15,255,0,0
12,16,255,0,0
12,22,255,0,0
12,23,255,0,0
12,24,255,0,0
12,25,255,0,0
12,26,255,0,0
12,27,255,0,0
12,28,255,0,0
12,32,255,0,0
12,33,255,0,0
12,34,255,0,0
12,35,255,0,0
12,36,255,0,0
12,37,255,0,0
12,38,255,0,0
