3,0,255,0,0
3,1,255,0,0
3,2,255,0,0
3,3,255,0,0
3,4,255,0,0
3,10,255,0,0
3,11,255,0,0
3,12,255,0,0
3,13,255,0,0
3,14,255,0,0
3,15,255,0,0
3,16,255,0,0
3,20,255,0,0
3,37,255,0,0
4,0,255,0,0
4,5,255,0,0
4,10,255,0,0
4,20,255,0,0
4,37,255,0,0
5,0,255,0,0
5,5,255,0,0
5,10,255,0,0
5,20,255,0,0
5,37,255,0,0
5,38,255,0,0
5,44,255,0,0
6,0,255,0,0
6,6,255,0,0
6,10,255,0,0
6,20,255,0,0
6,37,255,0,0
6,38,255,0,0
6,44,255,0,0
7,0,255,0,0
7,6,255,0,0
7,10,255,0,0
7,11,255,0,0
7,12,255,0,0
7,13,255,0,0
7,14,255,0,0
7,20,255,0,0
7,37,255,0,0
7,39,255,0,0
7,43,255,0,0
8,0,255,0,0
8,6,255,0,0
8,10,255,0,0
8,20,255,0,0
8,37,255,0,0
8,39,255,0,0
8,43,255,0,0
9,0,255,0,0
9,6,255,0,0
9,10,255,0,0
9,20,255,0,0
9,37,255,0,0
9,40,255,0,0
9,42,255,0,0
10,0,255,0,0
10,6,255,0,0
10,10,255,0,0
10,20,255,0,0
10,37,255,0,0
10,40,255,0,0
10,42,255,0,0
11,0,255,0,0
11,5,255,0,0
11,10,255,0,0
11,20,255,0,0
11,37,255,0,0
11,41,255,0,0
12,0,255,0,0
12,1,255,0,0
12,2,255,0,0
12,3,255,0,0
12,4,255,0,0
12,10,255,0,0
12,11,255,0,0
12,12,255,0,0
12,13,255,0,0
12,14,255,0,0
12,15,255,0,0
12,16,255,0,0
12,20,255,0,0
12,21,255,0,0
12,22,255,0,0
12,23,255,0,0
12,24,255,0,0
12,25,255,0,0
12,26,255,0,0
12,37,255,0,0
12,41,255,0,0
