3,0,255,0,0
3,1,255,0,0
3,2,255,0,0
3,3,255,0,0
3,9,255,0,0
3,10,255,0,0
3,11,255,0,0
3,12,255,0,0
3,13,255,0,0
3,14,255,0,0
3,15,255,0,0
3,19,255,0,0
3,36,255,0,0
3,44,255,0,0
4,4,255,0,0
4,9,255,0,0
4,19,255,0,0
4,36,255,0,0
4,44,255,0,0
5,4,255,0,0
5,9,255,0,0
5,19,255,0,0
5,36,255,0,0
5,37,255,0,0
5,43,255,0,0
5,44,255,0,0
6,5,255,0,0
6,9,255,0,0
6,19,255,0,0
6,36,255,0,0
6,37,255,0,0
6,43,255,0,0
6,44,255,0,0
7,5,255,0,0
7,9,255,0,0
7,10,255,0,0
7,11,255,0,0
7,12,255,0,0
7,13,255,0,0
7,19,255,0,0
7,36,255,0,0
7,38,255,0,0
7,42,255,0,0
7,44,255,0,0
8,5,255,0,0
8,9,255,0,0
8,19,255,0,0
8,36,255,0,0
8,38,255,0,0
8,42,255,0,0
8,44,255,0,0
9,5,255,0,0
9,9,255,0,0
9,19,255,0,0
9,36,255,0,0
9,39,255,0,0
9,41,255,0,0
9,44,255,0,0
10,5,255,0,0
10,9,255,0,0
10,19,255,0,0
10,36,255,0,0
10,39,255,0,0
10,41,255,0,0
10,44,255,0,0
11,4,255,0,0
11,9,255,0,0
11,19,255,0,0
11,36,255,0,0
11,40,255,0,0
11,44,255,0,0
12,0,255,0,0
12,1,255,0,0
12,2,255,0,0
12,3,255,0,0
12,9,255,0,0
12,10,255,0,0
12,11,255,0,0
12,12,255,0,0
12,13,255,0,0
12,14,255,0,0
12,15,255,0,0
12,19,255,0,0
12,20,255,0,0
12,21,255,0,0
12,22,255,0,0
12,23,255,0,0
12,24,255,0,0
12,25,255,0,0
12,36,255,0,0
12,40,255,0,0
12,44,255,0,0
