3,2,255,0,0
3,3,255,0,0
3,4,255,0,0
3,5,255,0,0
3,6,255,0,0
3,7,255,0,0
3,8,255,0,0
3,12,255,0,0
3,29,255,0,0
3,37,255,0,0
3,41,255,0,0
4,2,255,0,0
4,12,255,0,0
4,29,255,0,0
4,37,255,0,0
4,41,255,0,0
5,2,255,0,0
5,12,255,0,0
5,29,255,0,0
5,30,255,0,0
5,36,255,0,0
5,37,255,0,0
5,41,255,0,0
6,2,255,0,0
6,12,255,0,0
6,29,255,0,0
6,30,255,0,0
6,36,255,0,0
6,37,255,0,0
6,41,255,0,0
7,2,255,0,0
7,3,255,0,0
7,4,255,0,0
7,5,255,0,0
7,6,255,0,0
7,12,255,0,0
7,29,255,0,0
7,31,255,0,0
7,35,255,0,0
7,37,255,0,0
7,41,255,0,0
8,2,255,0,0
8,12,255,0,0
8,29,255,0,0
8,31,255,0,0
8,35,255,0,0
8,37,255,0,0
8,41,255,0,0
9,2,255,0,0
9,12,255,0,0
9,29,255,0,0
9,32,255,0,0
9,34,255,0,0
9,37,255,0,0
9,41,255,0,0
10,2,255,0,0
10,12,255,0,0
10,29,255,0,0
10,32,255,0,0
10,34,255,0,0
10,37,255,0,0
10,41,255,0,0
11,2,255,0,0
11,12,255,0,0
11,29,255,0,0
11,33,255,0,0
11,37,255,0,0
11,41,255,0,0
12,2,255,0,0
12,3,255,0,0
12,4,255,0,0
12,5,255,0,0
12,6,255,0,0
12,7,255,0,0
12,8,255,0,0
12,12,255,0,0
12,13,255,0,0
12,14,255,0,0
12,15,255,0,0
12,16,255,0,0
12,17,255,0,0
12,18,255,0,0
12,29,255,0,0
12,33,255,0,0
12,37,255,0,0
12,41,255,0,0
