3,0,255,0,0
3,1,255,0,0
3,2,255,0,0
3,3,255,0,0
3,4,255,0,0
3,8,255,0,0
3,25,255,0,0
3,33,255,0,0
3,37,255,0,0
3,44,255,0,0
4,8,255,0,0
4,25,255,0,0
4,33,255,0,0
4,37,255,0,0
4,42,255,0,0
4,43,255,0,0
5,8,255,0,0
5,25,255,0,0
5,26,255,0,0
5,32,255,0,0
5,33,255,0,0
5,37,255,0,0
5,42,255,0,0
6,8,255,0,0
6,25,255,0,0
6,26,255,0,0
6,32,255,0,0
6,33,255,0,0
6,37,255,0,0
6,41,255,0,0
7,0,255,0,0
7,1,255,0,0
7,2,255,0,0
7,8,255,0,0
7,25,255,0,0
7,27,255,0,0
7,31,255,0,0
7,33,255,0,0
7,37,255,0,0
7,41,255,0,0
8,8,255,0,0
8,25,255,0,0
8,27,255,0,0
8,31,255,0,0
8,33,255,0,0
8,37,255,0,0
8,41,255,0,0
9,8,255,0,0
9,25,255,0,0
9,28,255,0,0
9,30,255,0,0
9,33,255,0,0
9,37,255,0,0
9,41,255,0,0
10,8,255,0,0
10,25,255,0,0
10,28,255,0,0
10,30,255,0,0
10,33,255,0,0
10,37,255,0,0
10,41,255,0,0
11,8,255,0,0
11,25,255,0,0
11,29,255,0,0
11,33,255,0,0
11,37,255,0,0
11,42,255,0,0
11,43,255,0,0
12,0,255,0,0
12,1,255,0,0
12,2,255,0,0
12,3,255,0,0
12,4,255,0,0
12,8,255,0,0
12,9,255,0,0
12,10,255,0,0
12,11,255,0,0
12,12,255,0,0
12,13,255,0,0
12,14,255,0,0
12,25,255,0,0
12,29,255,0,0
12,33,255,0,0
12,37,255,0,0
12,44,255,0,0
