3,0,255,0,0
3,1,255,0,0
3,2,255,0,0
3,3,255,0,0
3,7,255,0,0
3,24,255,0,0
3,32,255,0,0
3,36,255,0,0
3,43,255,0,0
3,44,255,0,0
4,7,255,0,0
4,24,255,0,0
4,32,255,0,0
4,36,255,0,0
4,41,255,0,0
4,42,255,0,0
5,7,255,0,0
5,24,255,0,0
5,25,255,0,0
5,31,255,0,0
5,32,255,0,0
5,36,255,0,0
5,41,255,0,0
6,7,255,0,0
6,24,255,0,0
6,25,255,0,0
6,31,255,0,0
6,32,255,0,0
6,36,255,0,0
6,40,255,0,0
7,0,255,0,0
7,1,255,0,0
7,7,255,0,0
7,24,255,0,0
7,26,255,0,0
7,30,255,0,0
7,32,255,0,0
7,36,255,0,0
7,40,255,0,0
8,7,255,0,0
8,24,255,0,0
8,26,255,0,0
8,30,255,0,0
8,32,255,0,0
8,36,255,0,0
8,40,255,0,0
9,7,255,0,0
9,24,255,0,0
9,27,255,0,0
9,29,255,0,0
9,32,255,0,0
9,36,255,0,0
9,40,255,0,0
10,7,255,0,0
10,24,255,0,0
10,27,255,0,0
10,29,255,0,0
10,32,255,0,0
10,36,255,0,0
10,40,255,0,0
11,7,255,0,0
11,24,255,0,0
11,28,255,0,0
11,32,255,0,0
11,36,255,0,0
11,41,255,0,0
11,42,255,0,0
12,0,255,0,0
12,1,255,0,0
12,2,255,0,0
12,3,255,0,0
12,7,255,0,0
12,8,255,0,0
12,9,255,0,0
12,10,255,0,0
12,11,255,0,0
12,12,255,0,0
12,13,255,0,0
12,24,255,0,0
12,28,255,0,0
12,32,255,0,0
12,36,255,0,0
12,43,255,0,0
12,44,255,0,0
