3,3,255,0,0
3,20,255,0,0
3,28,255,0,0
3,32,255,0,0
3,39,255,0,0
3,40,255,0,0
3,41,255,0,0
4,3,255,0,0
4,20,255,0,0
4,28,255,0,0
4,32,255,0,0
4,37,255,0,0
4,38,255,0,0
4,42,255,0,0
5,3,255,0,0
5,20,255,0,0
5,21,255,0,0
5,27,255,0,0
5,28,255,0,0
5,32,255,0,0
5,37,255,0,0
5,42,255,0,0
6,3,255,0,0
6,20,255,0,0
6,21,255,0,0
6,27,255,0,0
6,28,255,0,0
6,32,255,0,0
6,36,255,0,0
6,43,255,0,0
7,3,255,0,0
7,20,255,0,0
7,22,255,0,0
7,26,255,0,0
7,28,255,0,0
7,32,255,0,0
7,36,255,0,0
7,43,255,0,0
8,3,255,0,0
8,20,255,0,0
8,22,255,0,0
8,26,255,0,0
8,28,255,0,0
8,32,255,0,0
8,36,255,0,0
8,43,255,0,0
9,3,255,0,0
9,20,255,0,0
9,23,255,0,0
9,25,255,0,0
9,28,255,0,0
9,32,255,0,0
9,36,255,0,0
9,43,255,0,0
10,3,255,0,0
10,20,255,0,0
10,23,255,0,0
10,25,255,0,0
10,28,255,0,0
10,32,255,0,0
10,36,255,0,0
10,43,255,0,0
11,3,255,0,0
11,20,255,0,0
11,24,255,0,0
11,28,255,0,0
11,32,255,0,0
11,37,255,0,0
11,38,255,0,0
11,42,255,0,0
12,3,255,0,0
12,4,255,0,0
12,5,255,0,0
12,6,255,0,0
12,7,255,0,0
12,8,255,0,0
12,9,255,0,0
12,20,255,0,0
12,24,255,0,0
12,28,255,0,0
12,32,255,0,0
12,39,255,0,0
12,40,255,0,0
12,41,255,0,0
