3,16,255,0,0
3,24,255,0,0
3,28,255,0,0
3,35,255,0,0
3,36,255,0,0
3,37,255,0,0
4,16,255,0,0
4,24,255,0,0
4,28,255,0,0
4,33,255,0,0
4,34,255,0,0
4,38,255,0,0
5,16,255,0,0
5,17,255,0,0
5,23,255,0,0
5,24,255,0,0
5,28,255,0,0
5,33,255,0,0
5,38,255,0,0
6,16,255,0,0
6,17,255,0,0
6,23,255,0,0
6,24,255,0,0
6,28,255,0,0
6,32,255,0,0
6,39,255,0,0
7,16,255,0,0
7,18,255,0,0
7,22,255,0,0
7,24,255,0,0
7,28,255,0,0
7,32,255,0,0
7,39,255,0,0
8,16,255,0,0
8,18,255,0,0
8,22,255,0,0
8,24,255,0,0
8,28,255,0,0
8,32,255,0,0
8,39,255,0,0
9,16,255,0,0
9,19,255,0,0
9,21,255,0,0
9,24,255,0,0
9,28,255,0,0
9,32,255,0,0
9,39,255,0,0
10,16,255,0,0
10,19,255,0,0
10,21,255,0,0
10,24,255,0,0
10,28,255,0,0
10,32,255,0,0
10,39,255,0,0
11,16,255,0,0
11,20,255,0,0
11,24,255,0,0
11,28,255,0,0
11,33,255,0,0
11,34,255,0,0
11,38,255,0,0
12,0,255,0,0
12,1,255,0,0
12,2,255,0,0
12,3,255,0,0
12,4,255,0,0
12,5,255,0,0
12,16,255,0,0
12,20,255,0,0
12,24,255,0,0
12,28,255,0,0
12,35,255,0,0
12,36,255,0,0
12,37,255,0,0
