3,10,255,0,0
3,18,255,0,0
3,22,255,0,0
3,29,255,0,0
3,30,255,0,0
3,31,255,0,0
4,10,255,0,0
4,18,255,0,0
4,22,255,0,0
4,27,255,0,0
4,28,255,0,0
4,32,255,0,0
5,10,255,0,0
5,11,255,0,0
5,17,255,0,0
5,18,255,0,0
5,22,255,0,0
5,27,255,0,0
5,32,255,0,0
6,10,255,0,0
6,11,255,0,0
6,17,255,0,0
6,18,255,0,0
6,22,255,0,0
6,26,255,0,0
6,33,255,0,0
7,10,255,0,0
7,12,255,0,0
7,16,255,0,0
7,18,255,0,0
7,22,255,0,0
7,26,255,0,0
7,33,255,0,0
8,10,255,0,0
8,12,255,0,0
8,16,255,0,0
8,18,255,0,0
8,22,255,0,0
8,26,255,0,0
8,33,255,0,0
9,10,255,0,0
9,13,255,0,0
9,15,255,0,0
9,18,255,0,0
9,22,255,0,0
9,26,255,0,0
9,33,255,0,0
10,10,255,0,0
10,13,255,0,0
10,15,255,0,0
10,18,255,0,0
10,22,255,0,0
10,26,255,0,0
10,33,255,0,0
11,10,255,0,0
11,14,255,0,0
11,18,255,0,0
11,22,255,0,0
11,27,255,0,0
11,28,255,0,0
11,32,255,0,0
12,10,255,0,0
12,14,255,0,0
12,18,255,0,0
12,22,255,0,0
12,29,255,0,0
12,30,255,0,0
12,31,255,0,0
