3,6,255,0,0
3,14,255,0,0
3,18,255,0,0
3,25,255,0,0
3,26,255,0,0
3,27,255,0,0
3,41,255,0,0
3,42,255,0,0
3,43,255,0,0
3,44,255,0,0
4,6,255,0,0
4,14,255,0,0
4,18,255,0,0
4,23,255,0,0
4,24,255,0,0
4,28,255,0,0
4,41,255,0,0
5,6,255,0,0
5,7,255,0,0
5,13,255,0,0
5,14,255,0,0
5,18,255,0,0
5,23,255,0,0
5,28,255,0,0
5,41,255,0,0
6,6,255,0,0
6,7,255,0,0
6,13,255,0,0
6,14,255,0,0
6,18,255,0,0
6,22,255,0,0
6,29,255,0,0
6,41,255,0,0
7,6,255,0,0
7,8,255,0,0
7,12,255,0,0
7,14,255,0,0
7,18,255,0,0
7,22,255,0,0
7,29,255,0,0
7,41,255,0,0
8,6,255,0,0
8,8,255,0,0
8,12,255,0,0
8,14,255,0,0
8,18,255,0,0
8,22,255,0,0
8,29,255,0,0
8,41,255,0,0
9,6,255,0,0
9,9,255,0,0
9,11,255,0,0
9,14,255,0,0
9,18,255,0,0
9,22,255,0,0
9,29,255,0,0
9,41,255,0,0
10,6,255,0,0
10,9,255,0,0
10,11,255,0,0
10,14,255,0,0
10,18,255,0,0
10,22,255,0,0
10,29,255,0,0
10,41,255,0,0
11,6,255,0,0
11,10,255,0,0
11,14,255,0,0
11,18,255,0,0
11,23,255,0,0
11,24,255,0,0
11,28,255,0,0
11,41,255,0,0
12,6,255,0,0
12,10,255,0,0
12,14,255,0,0
12,18,255,0,0
12,25,255,0,0
12,26,255,0,0
12,27,255,0,0
12,41,255,0,0
12,42,255,0,0
12,43,255,0,0
12,44,255,0,0
