3,1,255,0,0
3,9,255,0,0
3,13,255,0,0
3,20,255,0,0
3,21,255,0,0
3,22,255,0,0
3,36,255,0,0
3,37,255,0,0
3,38,255,0,0
3,39,255,0,0
3,40,255,0,0
4,1,255,0,0
4,9,255,0,0
4,13,255,0,0
4,18,255,0,0
4,19,255,0,0
4,23,255,0,0
4,36,255,0,0
4,41,255,0,0
5,1,255,0,0
5,2,255,0,0
5,8,255,0,0
5,9,255,0,0
5,13,255,0,0
5,18,255,0,0
5,23,255,0,0
5,36,255,0,0
5,41,255,0,0
6,1,255,0,0
6,2,255,0,0
6,8,255,0,0
6,9,255,0,0
6,13,255,0,0
6,17,255,0,0
6,24,255,0,0
6,36,255,0,0
6,42,255,0,0
7,1,255,0,0
7,3,255,0,0
7,7,255,0,0
7,9,255,0,0
7,13,255,0,0
7,17,255,0,0
7,24,255,0,0
7,36,255,0,0
7,42,255,0,0
8,1,255,0,0
8,3,255,0,0
8,7,255,0,0
8,9,255,0,0
8,13,255,0,0
8,17,255,0,0
8,24,255,0,0
8,36,255,0,0
8,42,255,0,0
9,1,255,0,0
9,4,255,0,0
9,6,255,0,0
9,9,255,0,0
9,13,255,0,0
9,17,255,0,0
9,24,255,0,0
9,36,255,0,0
9,42,255,0,0
10,1,255,0,0
10,4,255,0,0
10,6,255,0,0
10,9,255,0,0
10,13,255,0,0
10,17,255,0,0
10,24,255,0,0
10,36,255,0,0
10,42,255,0,0
11,1,255,0,0
11,5,255,0,0
11,9,255,0,0
11,13,255,0,0
11,18,255,0,0
11,19,255,0,0
11,23,255,0,0
11,36,255,0,0
11,41,255,0,0
12,1,255,0,0
12,5,255,0,0
12,9,255,0,0
12,13,255,0,0
12,20,255,0,0
12,21,255,0,0
12,22,255,0,0
12,36,255,0,0
12,37,255,0,0
12,38,255,0,0
12,39,255,0,0
12,40,255,0,0
