3,6,255,0,0
3,10,255,0,0
3,17,255,0,0
3,18,255,0,0
3,19,255,0,0
3,33,255,0,0
3,34,255,0,0
3,35,255,0,0
3,36,255,0,0
3,37,255,0,0
3,43,255,0,0
3,44,255,0,0
4,6,255,0,0
4,10,255,0,0
4,15,255,0,0
4,16,255,0,0
4,20,255,0,0
4,33,255,0,0
4,38,255,0,0
4,43,255,0,0
5,5,255,0,0
5,6,255,0,0
5,10,255,0,0
5,15,255,0,0
5,20,255,0,0
5,33,255,0,0
5,38,255,0,0
5,43,255,0,0
6,5,255,0,0
6,6,255,0,0
6,10,255,0,0
6,14,255,0,0
6,21,255,0,0
6,33,255,0,0
6,39,255,0,0
6,43,255,0,0
7,0,255,0,0
7,4,255,0,0
7,6,255,0,0
7,10,255,0,0
7,14,255,0,0
7,21,255,0,0
7,33,255,0,0
7,39,255,0,0
7,43,255,0,0
7,44,255,0,0
8,0,255,0,0
8,4,255,0,0
8,6,255,0,0
8,10,255,0,0
8,14,255,0,0
8,21,255,0,0
8,33,255,0,0
8,39,255,0,0
8,43,255,0,0
9,1,255,0,0
9,3,255,0,0
9,6,255,0,0
9,10,255,0,0
9,14,255,0,0
9,21,255,0,0
9,33,255,0,0
9,39,255,0,0
9,43,255,0,0
10,1,255,0,0
10,3,255,0,0
10,6,255,0,0
10,10,255,0,0
10,14,255,0,0
10,21,255,0,0
10,33,255,0,0
10,39,255,0,0
10,43,255,0,0
11,2,255,0,0
11,6,255,0,0
11,10,255,0,0
11,15,255,0,0
11,16,255,0,0
11,20,255,0,0
11,33,255,0,0
11,38,255,0,0
11,43,255,0,0
12,2,255,0,0
12,6,255,0,0
12,10,255,0,0
12,17,255,0,0
12,18,255,0,0
12,19,255,0,0
12,33,255,0,0
12,34,255,0,0
12,35,255,0,0
12,36,255,0,0
12,37,255,0,0
12,43,255,0,0
12,44,255,0,0
