3,11,255,0,0
3,12,255,0,0
3,13,255,0,0
3,14,255,0,0
3,15,255,0,0
3,21,255,0,0
3,22,255,0,0
3,23,255,0,0
3,24,255,0,0
3,25,255,0,0
3,26,255,0,0
3,27,255,0,0
3,33,255,0,0
3,34,255,0,0
3,35,255,0,0
3,36,255,0,0
3,40,255,0,0
3,41,255,0,0
3,42,255,0,0
3,43,255,0,0
3,44,255,0,0
4,11,255,0,0
4,16,255,0,0
4,21,255,0,0
4,31,255,0,0
4,32,255,0,0
4,37,255,0,0
4,44,255,0,0
5,11,255,0,0
5,16,255,0,0
5,21,255,0,0
5,31,255,0,0
5,44,255,0,0
6,11,255,0,0
6,17,255,0,0
6,21,255,0,0
6,32,255,0,0
6,33,255,0,0
6,44,255,0,0
7,11,255,0,0
7,17,255,0,0
7,21,255,0,0
7,22,255,0,0
7,23,255,0,0
7,24,255,0,0
7,25,255,0,0
7,34,255,0,0
7,35,255,0,0
7,44,255,0,0
8,11,255,0,0
8,17,255,0,0
8,21,255,0,0
8,36,255,0,0
8,44,255,0,0
9,11,255,0,0
9,17,255,0,0
9,21,255,0,0
9,37,255,0,0
9,44,255,0,0
10,11,255,0,0
10,17,255,0,0
10,21,255,0,0
10,37,255,0,0
10,44,255,0,0
11,11,255,0,0
11,16,255,0,0
11,21,255,0,0
11,31,255,0,0
11,32,255,0,0
11,37,255,0,0
11,44,255,0,0
12,11,255,0,0
12,12,255,0,0
12,13,255,0,0
12,14,255,0,0
12,15,255,0,0
12,21,255,0,0
12,22,255,0,0
12,23,255,0,0
12,24,255,0,0
12,25,255,0,0
12,26,255,0,0
12,27,255,0,0
12,33,255,0,0
12,34,255,0,0
12,35,255,0,0
12,36,255,0,0
12,44,255,0,0
