3,7,255,0,0
3,8,255,0,0
3,9,255,0,0
3,10,255,0,0
3,11,255,0,0
3,17,255,0,0
3,18,255,0,0
3,19,255,0,0
3,20,255,0,0
3,21,255,0,0
3,22,255,0,0
3,23,255,0,0
3,29,255,0,0
3,30,255,0,0
3,31,255,0,0
3,32,255,0,0
3,36,255,0,0
3,37,255,0,0
3,38,255,0,0
3,39,255,0,0
3,40,255,0,0
3,41,255,0,0
3,42,255,0,0
3,43,255,0,0
3,44,255,0,0
4,7,255,0,0
4,12,255,0,0
4,17,255,0,0
4,27,255,0,0
4,28,255,0,0
4,33,255,0,0
4,40,255,0,0
5,7,255,0,0
5,12,255,0,0
5,17,255,0,0
5,27,255,0,0
5,40,255,0,0
6,7,255,0,0
6,13,255,0,0
6,17,255,0,0
6,28,255,0,0
6,29,255,0,0
6,40,255,0,0
7,7,255,0,0
7,13,255,0,0
7,17,255,0,0
7,18,255,0,0
7,19,255,0,0
7,20,255,0,0
7,21,255,0,0
7,30,255,0,0
7,31,255,0,0
7,40,255,0,0
8,7,255,0,0
8,13,255,0,0
8,17,255,0,0
8,32,255,0,0
8,40,255,0,0
9,7,255,0,0
9,13,255,0,0
9,17,255,0,0
9,33,255,0,0
9,40,255,0,0
10,7,255,0,0
10,13,255,0,0
10,17,255,0,0
10,33,255,0,0
10,40,255,0,0
11,7,255,0,0
11,12,255,0,0
11,17,255,0,0
11,27,255,0,0
11,28,255,0,0
11,33,255,0,0
11,40,255,0,0
12,7,255,0,0
12,8,255,0,0
12,9,255,0,0
12,10,255,0,0
12,11,255,0,0
12,17,255,0,0
12,18,255,0,0
12,19,255,0,0
12,20,255,0,0
12,21,255,0,0
12,22,255,0,0
12,23,255,0,0
12,29,255,0,0
12,30,255,0,0
12,31,255,0,0
12,32,255,0,0
12,40,255,0,0
