3,5,255,0,0
3,6,255,0,0
3,7,255,0,0
3,8,255,0,0
3,9,255,0,0
3,15,255,0,0
3,16,255,0,0
3,17,255,0,0
3,18,255,0,0
3,19,255,0,0
3,20,255,0,0
3,21,255,0,0
3,27,255,0,0
3,28,255,0,0
3,29,255,0,0
3,30,255,0,0
3,34,255,0,0
3,35,255,0,0
3,36,255,0,0
3,37,255,0,0
3,38,255,0,0
3,39,255,0,0
3,40,255,0,0
3,41,255,0,0
3,42,255,0,0
4,5,255,0,0
4,10,255,0,0
4,15,255,0,0
4,25,255,0,0
4,26,255,0,0
4,31,255,0,0
4,38,255,0,0
5,5,255,0,0
5,10,255,0,0
5,15,255,0,0
5,25,255,0,0
5,38,255,0,0
6,5,255,0,0
6,11,255,0,0
6,15,255,0,0
6,26,255,0,0
6,27,255,0,0
6,38,255,0,0
7,5,255,0,0
7,11,255,0,0
7,15,255,0,0
7,16,255,0,0
7,17,255,0,0
7,18,255,0,0
7,19,255,0,0
7,28,255,0,0
7,29,255,0,0
7,38,255,0,0
8,5,255,0,0
8,11,255,0,0
8,15,255,0,0
8,30,255,0,0
8,38,255,0,0
9,5,255,0,0
9,11,255,0,0
9,15,255,0,0
9,31,255,0,0
9,38,255,0,0
10,5,255,0,0
10,11,255,0,0
10,15,255,0,0
10,31,255,0,0
10,38,255,0,0
11,5,255,0,0
11,10,255,0,0
11,15,255,0,0
11,25,255,0,0
11,26,255,0,0
11,31,255,0,0
11,38,255,0,0
12,5,255,0,0
12,6,255,0,0
12,7,255,0,0
12,8,255,0,0
12,9,255,0,0
12,15,255,0,0
12,16,255,0,0
12,17,255,0,0
12,18,255,0,0
12,19,255,0,0
12,20,255,0,0
12,21,255,0,0
12,27,255,0,0
12,28,255,0,0
12,29,255,0,0
12,30,255,0,0
12,38,255,0,0
