3,2,255,0,0
3,3,255,0,0
3,4,255,0,0
3,5,255,0,0
3,6,255,0,0
3,12,255,0,0
3,13,255,0,0
3,14,255,0,0
3,15,255,0,0
3,16,255,0,0
3,17,255,0,0
3,18,255,0,0
3,24,255,0,0
3,25,255,0,0
3,26,255,0,0
3,27,255,0,0
3,31,255,0,0
3,32,255,0,0
3,33,255,0,0
3,34,255,0,0
3,35,255,0,0
3,36,255,0,0
3,37,255,0,0
3,38,255,0,0
3,39,255,0,0
3,42,255,0,0
4,2,255,0,0
4,7,255,0,0
4,12,255,0,0
4,22,255,0,0
4,23,255,0,0
4,28,255,0,0
4,35,255,0,0
4,42,255,0,0
5,2,255,0,0
5,7,255,0,0
5,12,255,0,0
5,22,255,0,0
5,35,255,0,0
5,42,255,0,0
6,2,255,0,0
6,8,255,0,0
6,12,255,0,0
6,23,255,0,0
6,24,255,0,0
6,35,255,0,0
6,42,255,0,0
7,2,255,0,0
7,8,255,0,0
7,12,255,0,0
7,13,255,0,0
7,14,255,0,0
7,15,255,0,0
7,16,255,0,0
7,25,255,0,0
7,26,255,0,0
7,35,255,0,0
7,42,255,0,0
8,2,255,0,0
8,8,255,0,0
8,12,255,0,0
8,27,255,0,0
8,35,255,0,0
8,42,255,0,0
9,2,255,0,0
9,8,255,0,0
9,12,255,0,0
9,28,255,0,0
9,35,255,0,0
9,42,255,0,0
10,2,255,0,0
10,8,255,0,0
10,12,255,0,0
10,28,255,0,0
10,35,255,0,0
10,42,255,0,0
11,2,255,0,0
11,7,255,0,0
11,12,255,0,0
11,22,255,0,0
11,23,255,0,0
11,28,255,0,0
11,35,255,0,0
11,42,255,0,0
12,2,255,0,0
12,3,255,0,0
12,4,255,0,0
12,5,255,0,0
12,6,255,0,0
12,12,255,0,0
12,13,255,0,0
12,14,255,0,0
12,15,255,0,0
12,16,255,0,0
12,17,255,0,0
12,18,255,0,0
12,24,255,0,0
12,25,255,0,0
12,26,255,0,0
12,27,255,0,0
12,35,255,0,0
12,42,255,0,0
