3,0,255,0,0
3,1,255,0,0
3,2,255,0,0
3,3,255,0,0
3,9,255,0,0
3,10,255,0,0
3,11,255,0,0
3,12,255,0,0
3,13,255,0,0
3,14,255,0,0
3,15,255,0,0
3,21,255,0,0
3,22,255,0,0
3,23,255,0,0
3,24,255,0,0
3,28,255,0,0
3,29,255,0,0
3,30,255,0,0
3,31,255,0,0
3,32,255,0,0
3,33,255,0,0
3,34,255,0,0
3,35,255,0,0
3,36,255,0,0
3,39,255,0,0
3,43,255,0,0
4,4,255,0,0
4,9,255,0,0
4,19,255,0,0
4,20,255,0,0
4,25,255,0,0
4,32,255,0,0
4,39,255,0,0
4,43,255,0,0
4,44,255,0,0
5,4,255,0,0
5,9,255,0,0
5,19,255,0,0
5,32,255,0,0
5,39,255,0,0
5,43,255,0,0
5,44,255,0,0
6,5,255,0,0
6,9,255,0,0
6,20,255,0,0
6,21,255,0,0
6,32,255,0,0
6,39,255,0,0
6,43,255,0,0
7,5,255,0,0
7,9,255,0,0
7,10,255,0,0
7,11,255,0,0
7,12,255,0,0
7,13,255,0,0
7,22,255,0,0
7,23,255,0,0
7,32,255,0,0
7,39,255,0,0
7,43,255,0,0
8,5,255,0,0
8,9,255,0,0
8,24,255,0,0
8,32,255,0,0
8,39,255,0,0
8,43,255,0,0
9,5,255,0,0
9,9,255,0,0
9,25,255,0,0
9,32,255,0,0
9,39,255,0,0
9,43,255,0,0
10,5,255,0,0
10,9,255,0,0
10,25,255,0,0
10,32,255,0,0
10,39,255,0,0
10,43,255,0,0
11,4,255,0,0
11,9,255,0,0
11,19,255,0,0
11,20,255,0,0
11,25,255,0,0
11,32,255,0,0
11,39,255,0,0
11,43,255,0,0
12,0,255,0,0
12,1,255,0,0
12,2,255,0,0
12,3,255,0,0
12,9,255,0,0
12,10,255,0,0
12,11,255,0,0
12,12,255,0,0
12,13,255,0,0
12,14,255,0,0
12,15,255,0,0
12,21,255,0,0
12,22,255,0,0
12,23,255,0,0
12,24,255,0,0
12,32,255,0,0
12,39,255,0,0
12,43,255,0,0
