3,0,255,0,0
3,6,255,0,0
3,7,255,0,0
3,8,255,0,0
3,9,255,0,0
3,10,255,0,0
3,11,255,0,0
3,12,255,0,0
3,18,255,0,0
3,19,255,0,0
3,20,255,0,0
3,21,255,0,0
3,25,255,0,0
3,26,255,0,0
3,27,255,0,0
3,28,255,0,0
3,29,255,0,0
3,30,255,0,0
3,31,255,0,0
3,32,255,0,0
3,33,255,0,0
3,36,255,0,0
3,40,255,0,0
4,1,255,0,0
4,6,255,0,0
4,16,255,0,0
4,17,255,0,0
4,22,255,0,0
4,29,255,0,0
4,36,255,0,0
4,40,255,0,0
4,41,255,0,0
5,1,255,0,0
5,6,255,0,0
5,16,255,0,0
5,29,255,0,0
5,36,255,0,0
5,40,255,0,0
5,41,255,0,0
6,2,255,0,0
6,6,255,0,0
6,17,255,0,0
6,18,255,0,0
6,29,255,0,0
6,36,255,0,0
6,40,255,0,0
6,42,255,0,0
7,2,255,0,0
7,6,255,0,0
7,7,255,0,0
7,8,255,0,0
7,9,255,0,0
7,10,255,0,0
7,19,255,0,0
7,20,255,0,0
7,29,255,0,0
7,36,255,0,0
7,40,255,0,0
7,43,255,0,0
8,2,255,0,0
8,6,255,0,0
8,21,255,0,0
8,29,255,0,0
8,36,255,0,0
8,40,255,0,0
8,43,255,0,0
9,2,255,0,0
9,6,255,0,0
9,22,255,0,0
9,29,255,0,0
9,36,255,0,0
9,40,255,0,0
9,44,255,0,0
10,2,255,0,0
10,6,255,0,0
10,22,255,0,0
10,29,255,0,0
10,36,255,0,0
10,40,255,0,0
11,1,255,0,0
11,6,255,0,0
11,16,255,0,0
11,17,255,0,0
11,22,255,0,0
11,29,255,0,0
11,36,255,0,0
11,40,255,0,0
12,0,255,0,0
12,6,255,0,0
12,7,255,0,0
12,8,255,0,0
12,9,255,0,0
12,10,255,0,0
12,11,255,0,0
12,12,255,0,0
12,18,255,0,0
12,19,255,0,0
12,20,255,0,0
12,21,255,0,0
12,29,255,0,0
12,36,255,0,0
12,40,255,0,0
