3,0,255,0,0
3,1,255,0,0
3,2,255,0,0
3,3,255,0,0
3,4,255,0,0
3,5,255,0,0
3,6,255,0,0
3,12,255,0,0
3,13,255,0,0
3,14,255,0,0
3,15,255,0,0
3,19,255,0,0
3,20,255,0,0
3,21,255,0,0
3,22,255,0,0
3,23,255,0,0
3,24,255,0,0
3,25,255,0,0
3,26,255,0,0
3,27,255,0,0
3,30,255,0,0
3,34,255,0,0
3,40,255,0,0
4,0,255,0,0
4,10,255,0,0
4,11,255,0,0
4,16,255,0,0
4,23,255,0,0
4,30,255,0,0
4,34,255,0,0
4,35,255,0,0
4,40,255,0,0
5,0,255,0,0
5,10,255,0,0
5,23,255,0,0
5,30,255,0,0
5,34,255,0,0
5,35,255,0,0
5,40,255,0,0
6,0,255,0,0
6,11,255,0,0
6,12,255,0,0
6,23,255,0,0
6,30,255,0,0
6,34,255,0,0
6,36,255,0,0
6,40,255,0,0
6,44,255,0,0
7,0,255,0,0
7,1,255,0,0
7,2,255,0,0
7,3,255,0,0
7,4,255,0,0
7,13,255,0,0
7,14,255,0,0
7,23,255,0,0
7,30,255,0,0
7,34,255,0,0
7,37,255,0,0
7,40,255,0,0
7,44,255,0,0
8,0,255,0,0
8,15,255,0,0
8,23,255,0,0
8,30,255,0,0
8,34,255,0,0
8,37,255,0,0
8,40,255,0,0
8,44,255,0,0
9,0,255,0,0
9,16,255,0,0
9,23,255,0,0
9,30,255,0,0
9,34,255,0,0
9,38,255,0,0
9,40,255,0,0
9,44,255,0,0
10,0,255,0,0
10,16,255,0,0
10,23,255,0,0
10,30,255,0,0
10,34,255,0,0
10,39,255,0,0
10,40,255,0,0
10,44,255,0,0
11,0,255,0,0
11,10,255,0,0
11,11,255,0,0
11,16,255,0,0
11,23,255,0,0
11,30,255,0,0
11,34,255,0,0
11,39,255,0,0
11,40,255,0,0
12,0,255,0,0
12,1,255,0,0
12,2,255,0,0
12,3,255,0,0
12,4,255,0,0
12,5,255,0,0
12,6,255,0,0
12,12,255,0,0
12,13,255,0,0
12,14,255,0,0
12,15,255,0,0
12,23,255,0,0
12,30,255,0,0
12,34,255,0,0
12,40,255,0,0
