3,0,255,0,0
3,1,255,0,0
3,2,255,0,0
3,3,255,0,0
3,4,255,0,0
3,5,255,0,0
3,11,255,0,0
3,12,255,0,0
3,13,255,0,0
3,14,255,0,0
3,18,255,0,0
3,19,255,0,0
3,20,255,0,0
3,21,255,0,0
3,22,255,0,0
3,23,255,0,0
3,24,255,0,0
3,25,255,0,0
3,26,255,0,0
3,29,255,0,0
3,33,255,0,0
3,39,255,0,0
4,9,255,0,0
4,10,255,0,0
4,15,255,0,0
4,22,255,0,0
4,29,255,0,0
4,33,255,0,0
4,34,255,0,0
4,39,255,0,0
4,44,255,0,0
5,9,255,0,0
5,22,255,0,0
5,29,255,0,0
5,33,255,0,0
5,34,255,0,0
5,39,255,0,0
5,44,255,0,0
6,10,255,0,0
6,11,255,0,0
6,22,255,0,0
6,29,255,0,0
6,33,255,0,0
6,35,255,0,0
6,39,255,0,0
6,43,255,0,0
7,0,255,0,0
7,1,255,0,0
7,2,255,0,0
7,3,255,0,0
7,12,255,0,0
7,13,255,0,0
7,22,255,0,0
7,29,255,0,0
7,33,255,0,0
7,36,255,0,0
7,39,255,0,0
7,43,255,0,0
8,14,255,0,0
8,22,255,0,0
8,29,255,0,0
8,33,255,0,0
8,36,255,0,0
8,39,255,0,0
8,43,255,0,0
9,15,255,0,0
9,22,255,0,0
9,29,255,0,0
9,33,255,0,0
9,37,255,0,0
9,39,255,0,0
9,43,255,0,0
10,15,255,0,0
10,22,255,0,0
10,29,255,0,0
10,33,255,0,0
10,38,255,0,0
10,39,255,0,0
10,43,255,0,0
11,9,255,0,0
11,10,255,0,0
11,15,255,0,0
11,22,255,0,0
11,29,255,0,0
11,33,255,0,0
11,38,255,0,0
11,39,255,0,0
11,44,255,0,0
12,0,255,0,0
12,1,255,0,0
12,2,255,0,0
12,3,255,0,0
12,4,255,0,0
12,5,255,0,0
12,11,255,0,0
12,12,255,0,0
12,13,255,0,0
12,14,255,0,0
12,22,255,0,0
12,29,255,0,0
12,33,255,0,0
12,39,255,0,0
