3,0,255,0,0
3,1,255,0,0
3,2,255,0,0
3,8,255,0,0
3,9,255,0,0
3,10,255,0,0
3,11,255,0,0
3,15,255,0,0
3,16,255,0,0
3,17,255,0,0
3,18,255,0,0
3,19,255,0,0
3,20,255,0,0
3,21,255,0,0
3,22,255,0,0
3,23,255,0,0
3,26,255,0,0
3,30,255,0,0
3,36,255,0,0
3,43,255,0,0
3,44,255,0,0
4,6,255,0,0
4,7,255,0,0
4,12,255,0,0
4,19,255,0,0
4,26,255,0,0
4,30,255,0,0
4,31,255,0,0
4,36,255,0,0
4,41,255,0,0
4,42,255,0,0
5,6,255,0,0
5,19,255,0,0
5,26,255,0,0
5,30,255,0,0
5,31,255,0,0
5,36,255,0,0
5,41,255,0,0
6,7,255,0,0
6,8,255,0,0
6,19,255,0,0
6,26,255,0,0
6,30,255,0,0
6,32,255,0,0
6,36,255,0,0
6,40,255,0,0
7,0,255,0,0
7,9,255,0,0
7,10,255,0,0
7,19,255,0,0
7,26,255,0,0
7,30,255,0,0
7,33,255,0,0
7,36,255,0,0
7,40,255,0,0
8,11,255,0,0
8,19,255,0,0
8,26,255,0,0
8,30,255,0,0
8,33,255,0,0
8,36,255,0,0
8,40,255,0,0
9,12,255,0,0
9,19,255,0,0
9,26,255,0,0
9,30,255,0,0
9,34,255,0,0
9,36,255,0,0
9,40,255,0,0
10,12,255,0,0
10,19,255,0,0
10,26,255,0,0
10,30,255,0,0
10,35,255,0,0
10,36,255,0,0
10,40,255,0,0
11,6,255,0,0
11,7,255,0,0
11,12,255,0,0
11,19,255,0,0
11,26,255,0,0
11,30,255,0,0
11,35,255,0,0
11,36,255,0,0
11,41,255,0,0
11,42,255,0,0
12,0,255,0,0
12,1,255,0,0
12,2,255,0,0
12,8,255,0,0
12,9,255,0,0
12,10,255,0,0
12,11,255,0,0
12,19,255,0,0
12,26,255,0,0
12,30,255,0,0
12,36,255,0,0
12,43,255,0,0
12,44,255,0,0
