3,3,255,0,0
3,4,255,0,0
3,5,255,0,0
3,6,255,0,0
3,10,255,0,0
3,11,255,0,0
3,12,255,0,0
3,13,255,0,0
3,14,255,0,0
3,15,255,0,0
3,16,255,0,0
3,17,255,0,0
3,18,255,0,0
3,21,255,0,0
3,25,255,0,0
3,31,255,0,0
3,38,255,0,0
3,39,255,0,0
3,40,255,0,0
4,1,255,0,0
4,2,255,0,0
4,7,255,0,0
4,14,255,0,0
4,21,255,0,0
4,25,255,0,0
4,26,255,0,0
4,31,255,0,0
4,36,255,0,0
4,37,255,0,0
4,41,255,0,0
5,1,255,0,0
5,14,255,0,0
5,21,255,0,0
5,25,255,0,0
5,26,255,0,0
5,31,255,0,0
5,36,255,0,0
5,41,255,0,0
6,2,255,0,0
6,3,255,0,0
6,14,255,0,0
6,21,255,0,0
6,25,255,0,0
6,27,255,0,0
6,31,255,0,0
6,35,255,0,0
6,42,255,0,0
7,4,255,0,0
7,5,255,0,0
7,14,255,0,0
7,21,255,0,0
7,25,255,0,0
7,28,255,0,0
7,31,255,0,0
7,35,255,0,0
7,42,255,0,0
8,6,255,0,0
8,14,255,0,0
8,21,255,0,0
8,25,255,0,0
8,28,255,0,0
8,31,255,0,0
8,35,255,0,0
8,42,255,0,0
9,7,255,0,0
9,14,255,0,0
9,21,255,0,0
9,25,255,0,0
9,29,255,0,0
9,31,255,0,0
9,35,255,0,0
9,42,255,0,0
10,7,255,0,0
10,14,255,0,0
10,21,255,0,0
10,25,255,0,0
10,30,255,0,0
10,31,255,0,0
10,35,255,0,0
10,42,255,0,0
11,1,255,0,0
11,2,255,0,0
11,7,255,0,0
11,14,255,0,0
11,21,255,0,0
11,25,255,0,0
11,30,255,0,0
11,31,255,0,0
11,36,255,0,0
11,37,255,0,0
11,41,255,0,0
12,3,255,0,0
12,4,255,0,0
12,5,255,0,0
12,6,255,0,0
12,14,255,0,0
12,21,255,0,0
12,25,255,0,0
12,31,255,0,0
12,38,255,0,0
12,39,255,0,0
12,40,255,0,0
