3,2,255,0,0
3,3,255,0,0
3,4,255,0,0
3,5,255,0,0
3,9,255,0,0
3,10,255,0,0
3,11,255,0,0
3,12,255,0,0
3,13,255,0,0
3,14,255,0,0
3,15,255,0,0
3,16,255,0,0
3,17,255,0,0
3,20,255,0,0
3,24,255,0,0
3,30,255,0,0
3,37,255,0,0
3,38,255,0,0
3,39,255,0,0
4,0,255,0,0
4,1,255,0,0
4,6,255,0,0
4,13,255,0,0
4,20,255,0,0
4,24,255,0,0
4,25,255,0,0
4,30,255,0,0
4,35,255,0,0
4,36,255,0,0
4,40,255,0,0
5,0,255,0,0
5,13,255,0,0
5,20,255,0,0
5,24,255,0,0
5,25,255,0,0
5,30,255,0,0
5,35,255,0,0
5,40,255,0,0
6,1,255,0,0
6,2,255,0,0
6,13,255,0,0
6,20,255,0,0
6,24,255,0,0
6,26,255,0,0
6,30,255,0,0
6,34,255,0,0
6,41,255,0,0
7,3,255,0,0
7,4,255,0,0
7,13,255,0,0
7,20,255,0,0
7,24,255,0,0
7,27,255,0,0
7,30,255,0,0
7,34,255,0,0
7,41,255,0,0
8,5,255,0,0
8,13,255,0,0
8,20,255,0,0
8,24,255,0,0
8,27,255,0,0
8,30,255,0,0
8,34,255,0,0
8,41,255,0,0
9,6,255,0,0
9,13,255,0,0
9,20,255,0,0
9,24,255,0,0
9,28,255,0,0
9,30,255,0,0
9,34,255,0,0
9,41,255,0,0
10,6,255,0,0
10,13,255,0,0
10,20,255,0,0
10,24,255,0,0
10,29,255,0,0
10,30,255,0,0
10,34,255,0,0
10,41,255,0,0
11,0,255,0,0
11,1,255,0,0
11,6,255,0,0
11,13,255,0,0
11,20,255,0,0
11,24,255,0,0
11,29,255,0,0
11,30,255,0,0
11,35,255,0,0
11,36,255,0,0
11,40,255,0,0
12,2,255,0,0
12,3,255,0,0
12,4,255,0,0
12,5,255,0,0
12,13,255,0,0
12,20,255,0,0
12,24,255,0,0
12,30,255,0,0
12,37,255,0,0
12,38,255,0,0
12,39,255,0,0
