3,0,255,0,0
3,4,255,0,0
3,5,255,0,0
3,6,255,0,0
3,7,255,0,0
3,8,255,0,0
3,9,255,0,0
3,10,255,0,0
3,11,255,0,0
3,12,255,0,0
3,15,255,0,0
3,19,255,0,0
3,25,255,0,0
3,32,255,0,0
3,33,255,0,0
3,34,255,0,0
4,1,255,0,0
4,8,255,0,0
4,15,255,0,0
4,19,255,0,0
4,20,255,0,0
4,25,255,0,0
4,30,255,0,0
4,31,255,0,0
4,35,255,0,0
5,8,255,0,0
5,15,255,0,0
5,19,255,0,0
5,20,255,0,0
5,25,255,0,0
5,30,255,0,0
5,35,255,0,0
6,8,255,0,0
6,15,255,0,0
6,19,255,0,0
6,21,255,0,0
6,25,255,0,0
6,29,255,0,0
6,36,255,0,0
7,8,255,0,0
7,15,255,0,0
7,19,255,0,0
7,22,255,0,0
7,25,255,0,0
7,29,255,0,0
7,36,255,0,0
8,0,255,0,0
8,8,255,0,0
8,15,255,0,0
8,19,255,0,0
8,22,255,0,0
8,25,255,0,0
8,29,255,0,0
8,36,255,0,0
9,1,255,0,0
9,8,255,0,0
9,15,255,0,0
9,19,255,0,0
9,23,255,0,0
9,25,255,0,0
9,29,255,0,0
9,36,255,0,0
10,1,255,0,0
10,8,255,0,0
10,15,255,0,0
10,19,255,0,0
10,24,255,0,0
10,25,255,0,0
10,29,255,0,0
10,36,255,0,0
11,1,255,0,0
11,8,255,0,0
11,15,255,0,0
11,19,255,0,0
11,24,255,0,0
11,25,255,0,0
11,30,255,0,0
11,31,255,0,0
11,35,255,0,0
12,0,255,0,0
12,8,255,0,0
12,15,255,0,0
12,19,255,0,0
12,25,255,0,0
12,32,255,0,0
12,33,255,0,0
12,34,255,0,0
