3,3,255,0,0
3,4,255,0,0
3,5,255,0,0
3,6,255,0,0
3,7,255,0,0
3,8,255,0,0
3,9,255,0,0
3,10,255,0,0
3,11,255,0,0
3,14,255,0,0
3,18,255,0,0
3,24,255,0,0
3,31,255,0,0
3,32,255,0,0
3,33,255,0,0
4,0,255,0,0
4,7,255,0,0
4,14,255,0,0
4,18,255,0,0
4,19,255,0,0
4,24,255,0,0
4,29,255,0,0
4,30,255,0,0
4,34,255,0,0
5,7,255,0,0
5,14,255,0,0
5,18,255,0,0
5,19,255,0,0
5,24,255,0,0
5,29,255,0,0
5,34,255,0,0
6,7,255,0,0
6,14,255,0,0
6,18,255,0,0
6,20,255,0,0
6,24,255,0,0
6,28,255,0,0
6,35,255,0,0
7,7,255,0,0
7,14,255,0,0
7,18,255,0,0
7,21,255,0,0
7,24,255,0,0
7,28,255,0,0
7,35,255,0,0
8,7,255,0,0
8,14,255,0,0
8,18,255,0,0
8,21,255,0,0
8,24,255,0,0
8,28,255,0,0
8,35,255,0,0
9,0,255,0,0
9,7,255,0,0
9,14,255,0,0
9,18,255,0,0
9,22,255,0,0
9,24,255,0,0
9,28,255,0,0
9,35,255,0,0
10,0,255,0,0
10,7,255,0,0
10,14,255,0,0
10,18,255,0,0
10,23,255,0,0
10,24,255,0,0
10,28,255,0,0
10,35,255,0,0
11,0,255,0,0
11,7,255,0,0
11,14,255,0,0
11,18,255,0,0
11,23,255,0,0
11,24,255,0,0
11,29,255,0,0
11,30,255,0,0
11,34,255,0,0
12,7,255,0,0
12,14,255,0,0
12,18,255,0,0
12,24,255,0,0
12,31,255,0,0
12,32,255,0,0
12,33,255,0,0
