3,2,255,0,0
3,6,255,0,0
3,12,255,0,0
3,19,255,0,0
3,20,255,0,0
3,21,255,0,0
3,35,255,0,0
3,36,255,0,0
3,37,255,0,0
3,38,255,0,0
3,39,255,0,0
3,40,255,0,0
3,41,255,0,0
4,2,255,0,0
4,6,255,0,0
4,7,255,0,0
4,12,255,0,0
4,17,255,0,0
4,18,255,0,0
4,22,255,0,0
4,35,255,0,0
5,2,255,0,0
5,6,255,0,0
5,7,255,0,0
5,12,255,0,0
5,17,255,0,0
5,22,255,0,0
5,35,255,0,0
6,2,255,0,0
6,6,255,0,0
6,8,255,0,0
6,12,255,0,0
6,16,255,0,0
6,23,255,0,0
6,35,255,0,0
7,2,255,0,0
7,6,255,0,0
7,9,255,0,0
7,12,255,0,0
7,16,255,0,0
7,23,255,0,0
7,35,255,0,0
7,36,255,0,0
7,37,255,0,0
7,38,255,0,0
7,39,255,0,0
8,2,255,0,0
8,6,255,0,0
8,9,255,0,0
8,12,255,0,0
8,16,255,0,0
8,23,255,0,0
8,35,255,0,0
9,2,255,0,0
9,6,255,0,0
9,10,255,0,0
9,12,255,0,0
9,16,255,0,0
9,23,255,0,0
9,35,255,0,0
10,2,255,0,0
10,6,255,0,0
10,11,255,0,0
10,12,255,0,0
10,16,255,0,0
10,23,255,0,0
10,35,255,0,0
11,2,255,0,0
11,6,255,0,0
11,11,255,0,0
11,12,255,0,0
11,17,255,0,0
11,18,255,0,0
11,22,255,0,0
11,35,255,0,0
12,2,255,0,0
12,6,255,0,0
12,12,255,0,0
12,19,255,0,0
12,20,255,0,0
12,21,255,0,0
12,35,255,0,0
12,36,255,0,0
12,37,255,0,0
12,38,255,0,0
12,39,255,0,0
12,40,255,0,0
12,41,255,0,0
