3,1,255,0,0
3,5,255,0,0
3,11,255,0,0
3,18,255,0,0
3,19,255,0,0
3,20,255,0,0
3,34,255,0,0
3,35,255,0,0
3,36,255,0,0
3,37,255,0,0
3,38,255,0,0
3,39,255,0,0
3,40,255,0,0
4,1,255,0,0
4,5,255,0,0
4,6,255,0,0
4,11,255,0,0
4,16,255,0,0
4,17,255,0,0
4,21,255,0,0
4,34,255,0,0
5,1,255,0,0
5,5,255,0,0
5,6,255,0,0
5,11,255,0,0
5,16,255,0,0
5,21,255,0,0
5,34,255,0,0
6,1,255,0,0
6,5,255,0,0
6,7,255,0,0
6,11,255,0,0
6,15,255,0,0
6,22,255,0,0
6,34,255,0,0
7,1,255,0,0
7,5,255,0,0
7,8,255,0,0
7,11,255,0,0
7,15,255,0,0
7,22,255,0,0
7,34,255,0,0
7,35,255,0,0
7,36,255,0,0
7,37,255,0,0
7,38,255,0,0
8,1,255,0,0
8,5,255,0,0
8,8,255,0,0
8,11,255,0,0
8,15,255,0,0
8,22,255,0,0
8,34,255,0,0
9,1,255,0,0
9,5,255,0,0
9,9,255,0,0
9,11,255,0,0
9,15,255,0,0
9,22,255,0,0
9,34,255,0,0
10,1,255,0,0
10,5,255,0,0
10,10,255,0,0
10,11,255,0,0
10,15,255,0,0
10,22,255,0,0
10,34,255,0,0
11,1,255,0,0
11,5,255,0,0
11,10,255,0,0
11,11,255,0,0
11,16,255,0,0
11,17,255,0,0
11,21,255,0,0
11,34,255,0,0
12,1,255,0,0
12,5,255,0,0
12,11,255,0,0
12,18,255,0,0
12,19,255,0,0
12,20,255,0,0
12,34,255,0,0
12,35,255,0,0
12,36,255,0,0
12,37,255,0,0
12,38,255,0,0
12,39,255,0,0
12,40,255,0,0
