3,4,255,0,0
3,11,255,0,0
3,12,255,0,0
3,13,255,0,0
3,27,255,0,0
3,28,255,0,0
3,29,255,0,0
3,30,255,0,0
3,31,255,0,0
3,32,255,0,0
3,33,255,0,0
4,4,255,0,0
4,9,255,0,0
4,10,255,0,0
4,14,255,0,0
4,27,255,0,0
5,4,255,0,0
5,9,255,0,0
5,14,255,0,0
5,27,255,0,0
6,0,255,0,0
6,4,255,0,0
6,8,255,0,0
6,15,255,0,0
6,27,255,0,0
7,1,255,0,0
7,4,255,0,0
7,8,255,0,0
7,15,255,0,0
7,27,255,0,0
7,28,255,0,0
7,29,255,0,0
7,30,255,0,0
7,31,255,0,0
8,1,255,0,0
8,4,255,0,0
8,8,255,0,0
8,15,255,0,0
8,27,255,0,0
9,2,255,0,0
9,4,255,0,0
9,8,255,0,0
9,15,255,0,0
9,27,255,0,0
10,3,255,0,0
10,4,255,0,0
10,8,255,0,0
10,15,255,0,0
10,27,255,0,0
11,3,255,0,0
11,4,255,0,0
11,9,255,0,0
11,10,255,0,0
11,14,255,0,0
11,27,255,0,0
12,4,255,0,0
12,11,255,0,0
12,12,255,0,0
12,13,255,0,0
12,27,255,0,0
12,28,255,0,0
12,29,255,0,0
12,30,255,0,0
12,31,255,0,0
12,32,255,0,0
12,33,255,0,0
