3,0,255,0,0
3,7,255,0,0
3,8,255,0,0
3,9,255,0,0
3,23,255,0,0
3,24,255,0,0
3,25,255,0,0
3,26,255,0,0
3,27,255,0,0
3,28,255,0,0
3,29,255,0,0
3,44,255,0,0
4,0,255,0,0
4,5,255,0,0
4,6,255,0,0
4,10,255,0,0
4,23,255,0,0
4,42,255,0,0
4,43,255,0,0
5,0,255,0,0
5,5,255,0,0
5,10,255,0,0
5,23,255,0,0
5,42,255,0,0
6,0,255,0,0
6,4,255,0,0
6,11,255,0,0
6,23,255,0,0
6,41,255,0,0
7,0,255,0,0
7,4,255,0,0
7,11,255,0,0
7,23,255,0,0
7,24,255,0,0
7,25,255,0,0
7,26,255,0,0
7,27,255,0,0
7,41,255,0,0
8,0,255,0,0
8,4,255,0,0
8,11,255,0,0
8,23,255,0,0
8,41,255,0,0
9,0,255,0,0
9,4,255,0,0
9,11,255,0,0
9,23,255,0,0
9,41,255,0,0
10,0,255,0,0
10,4,255,0,0
10,11,255,0,0
10,23,255,0,0
10,41,255,0,0
11,0,255,0,0
11,5,255,0,0
11,6,255,0,0
11,10,255,0,0
11,23,255,0,0
11,42,255,0,0
11,43,255,0,0
12,0,255,0,0
12,7,255,0,0
12,8,255,0,0
12,9,255,0,0
12,23,255,0,0
12,24,255,0,0
12,25,255,0,0
12,26,255,0,0
12,27,255,0,0
12,28,255,0,0
12,29,255,0,0
12,44,255,0,0
