3,6,255,0,0
3,7,255,0,0
3,8,255,0,0
3,22,255,0,0
3,23,255,0,0
3,24,255,0,0
3,25,255,0,0
3,26,255,0,0
3,27,255,0,0
3,28,255,0,0
3,43,255,0,0
3,44,255,0,0
4,4,255,0,0
4,5,255,0,0
4,9,255,0,0
4,22,255,0,0
4,41,255,0,0
4,42,255,0,0
5,4,255,0,0
5,9,255,0,0
5,22,255,0,0
5,41,255,0,0
6,3,255,0,0
6,10,255,0,0
6,22,255,0,0
6,40,255,0,0
7,3,255,0,0
7,10,255,0,0
7,22,255,0,0
7,23,255,0,0
7,24,255,0,0
7,25,255,0,0
7,26,255,0,0
7,40,255,0,0
8,3,255,0,0
8,10,255,0,0
8,22,255,0,0
8,40,255,0,0
9,3,255,0,0
9,10,255,0,0
9,22,255,0,0
9,40,255,0,0
10,3,255,0,0
10,10,255,0,0
10,22,255,0,0
10,40,255,0,0
11,4,255,0,0
11,5,255,0,0
11,9,255,0,0
11,22,255,0,0
11,41,255,0,0
11,42,255,0,0
12,6,255,0,0
12,7,255,0,0
12,8,255,0,0
12,22,255,0,0
12,23,255,0,0
12,24,255,0,0
12,25,255,0,0
12,26,255,0,0
12,27,255,0,0
12,28,255,0,0
12,43,255,0,0
12,44,255,0,0
