3,0,255,0,0
3,1,255,0,0
3,2,255,0,0
3,16,255,0,0
3,17,255,0,0
3,18,255,0,0
3,19,255,0,0
3,20,255,0,0
3,21,255,0,0
3,22,255,0,0
3,37,255,0,0
3,38,255,0,0
3,39,255,0,0
3,40,255,0,0
4,3,255,0,0
4,16,255,0,0
4,35,255,0,0
4,36,255,0,0
4,41,255,0,0
5,3,255,0,0
5,16,255,0,0
5,35,255,0,0
6,4,255,0,0
6,16,255,0,0
6,34,255,0,0
7,4,255,0,0
7,16,255,0,0
7,17,255,0,0
7,18,255,0,0
7,19,255,0,0
7,20,255,0,0
7,34,255,0,0
8,4,255,0,0
8,16,255,0,0
8,34,255,0,0
9,4,255,0,0
9,16,255,0,0
9,34,255,0,0
10,4,255,0,0
10,16,255,0,0
10,34,255,0,0
11,3,255,0,0
11,16,255,0,0
11,35,255,0,0
11,36,255,0,0
11,41,255,0,0
11,44,255,0,0
12,0,255,0,0
12,1,255,0,0
12,2,255,0,0
12,16,255,0,0
12,17,255,0,0
12,18,255,0,0
12,19,255,0,0
12,20,255,0,0
12,21,255,0,0
12,22,255,0,0
12,37,255,0,0
12,38,255,0,0
12,39,255,0,0
12,40,255,0,0
12,44,255,0,0
