3,0,255,0,0
3,1,255,0,0
3,15,255,0,0
3,16,255,0,0
3,17,255,0,0
3,18,255,0,0
3,19,255,0,0
3,20,255,0,0
3,21,255,0,0
3,36,255,0,0
3,37,255,0,0
3,38,255,0,0
3,39,255,0,0
4,2,255,0,0
4,15,255,0,0
4,34,255,0,0
4,35,255,0,0
4,40,255,0,0
5,2,255,0,0
5,15,255,0,0
5,34,255,0,0
6,3,255,0,0
6,15,255,0,0
6,33,255,0,0
7,3,255,0,0
7,15,255,0,0
7,16,255,0,0
7,17,255,0,0
7,18,255,0,0
7,19,255,0,0
7,33,255,0,0
8,3,255,0,0
8,15,255,0,0
8,33,255,0,0
9,3,255,0,0
9,15,255,0,0
9,33,255,0,0
9,44,255,0,0
10,3,255,0,0
10,15,255,0,0
10,33,255,0,0
10,44,255,0,0
11,2,255,0,0
11,15,255,0,0
11,34,255,0,0
11,35,255,0,0
11,40,255,0,0
11,43,255,0,0
12,0,255,0,0
12,1,255,0,0
12,15,255,0,0
12,16,255,0,0
12,17,255,0,0
12,18,255,0,0
12,19,255,0,0
12,20,255,0,0
12,21,255,0,0
12,36,255,0,0
12,37,255,0,0
12,38,255,0,0
12,39,255,0,0
12,43,255,0,0
