3,13,255,0,0
3,14,255,0,0
3,15,255,0,0
3,16,255,0,0
3,17,255,0,0
3,18,255,0,0
3,19,255,0,0
3,34,255,0,0
3,35,255,0,0
3,36,255,0,0
3,37,255,0,0
4,0,255,0,0
4,13,255,0,0
4,32,255,0,0
4,33,255,0,0
4,38,255,0,0
5,0,255,0,0
5,13,255,0,0
5,32,255,0,0
5,44,255,0,0
6,1,255,0,0
6,13,255,0,0
6,31,255,0,0
6,44,255,0,0
7,1,255,0,0
7,13,255,0,0
7,14,255,0,0
7,15,255,0,0
7,16,255,0,0
7,17,255,0,0
7,31,255,0,0
7,43,255,0,0
8,1,255,0,0
8,13,255,0,0
8,31,255,0,0
8,43,255,0,0
9,1,255,0,0
9,13,255,0,0
9,31,255,0,0
9,42,255,0,0
9,43,255,0,0
9,44,255,0,0
10,1,255,0,0
10,13,255,0,0
10,31,255,0,0
10,42,255,0,0
11,0,255,0,0
11,13,255,0,0
11,32,255,0,0
11,33,255,0,0
11,38,255,0,0
11,41,255,0,0
12,13,255,0,0
12,14,255,0,0
12,15,255,0,0
12,16,255,0,0
12,17,255,0,0
12,18,255,0,0
12,19,255,0,0
12,34,255,0,0
12,35,255,0,0
12,36,255,0,0
12,37,255,0,0
12,41,255,0,0
