3,12,255,0,0
3,13,255,0,0
3,14,255,0,0
3,15,255,0,0
3,16,255,0,0
3,17,255,0,0
3,18,255,0,0
3,33,255,0,0
3,34,255,0,0
3,35,255,0,0
3,36,255,0,0
3,44,255,0,0
4,12,255,0,0
4,31,255,0,0
4,32,255,0,0
4,37,255,0,0
4,44,255,0,0
5,12,255,0,0
5,31,255,0,0
5,43,255,0,0
6,0,255,0,0
6,12,255,0,0
6,30,255,0,0
6,43,255,0,0
7,0,255,0,0
7,12,255,0,0
7,13,255,0,0
7,14,255,0,0
7,15,255,0,0
7,16,255,0,0
7,30,255,0,0
7,42,255,0,0
8,0,255,0,0
8,12,255,0,0
8,30,255,0,0
8,42,255,0,0
9,0,255,0,0
9,12,255,0,0
9,30,255,0,0
9,41,255,0,0
9,42,255,0,0
9,43,255,0,0
9,44,255,0,0
10,0,255,0,0
10,12,255,0,0
10,30,255,0,0
10,41,255,0,0
11,12,255,0,0
11,31,255,0,0
11,32,255,0,0
11,37,255,0,0
11,40,255,0,0
12,12,255,0,0
12,13,255,0,0
12,14,255,0,0
12,15,255,0,0
12,16,255,0,0
12,17,255,0,0
12,18,255,0,0
12,33,255,0,0
12,34,255,0,0
12,35,255,0,0
12,36,255,0,0
12,40,255,0,0
