3,2,255,0,0
3,3,255,0,0
3,4,255,0,0
3,5,255,0,0
3,6,255,0,0
3,12,255,0,0
3,13,255,0,0
3,14,255,0,0
3,15,255,0,0
3,16,255,0,0
3,17,255,0,0
3,18,255,0,0
3,22,255,0,0
3,31,255,0,0
3,43,255,0,0
4,2,255,0,0
4,7,255,0,0
4,12,255,0,0
4,22,255,0,0
4,31,255,0,0
4,43,255,0,0
5,2,255,0,0
5,7,255,0,0
5,12,255,0,0
5,22,255,0,0
5,31,255,0,0
5,42,255,0,0
5,44,255,0,0
6,2,255,0,0
6,8,255,0,0
6,12,255,0,0
6,22,255,0,0
6,31,255,0,0
6,42,255,0,0
6,44,255,0,0
7,2,255,0,0
7,8,255,0,0
7,12,255,0,0
7,13,255,0,0
7,14,255,0,0
7,15,255,0,0
7,16,255,0,0
7,22,255,0,0
7,31,255,0,0
7,41,255,0,0
8,2,255,0,0
8,8,255,0,0
8,12,255,0,0
8,22,255,0,0
8,31,255,0,0
8,41,255,0,0
9,2,255,0,0
9,8,255,0,0
9,12,255,0,0
9,22,255,0,0
9,31,255,0,0
9,40,255,0,0
9,41,255,0,0
9,42,255,0,0
9,43,255,0,0
9,44,255,0,0
10,2,255,0,0
10,8,255,0,0
10,12,255,0,0
10,22,255,0,0
10,31,255,0,0
10,40,255,0,0
11,2,255,0,0
11,7,255,0,0
11,12,255,0,0
11,22,255,0,0
11,31,255,0,0
11,39,255,0,0
12,2,255,0,0
12,3,255,0,0
12,4,255,0,0
12,5,255,0,0
12,6,255,0,0
12,12,255,0,0
12,13,255,0,0
12,14,255,0,0
12,15,255,0,0
12,16,255,0,0
12,17,255,0,0
12,18,255,0,0
12,22,255,0,0
12,23,255,0,0
12,24,255,0,0
12,25,255,0,0
12,26,255,0,0
12,27,255,0,0
12,28,255,0,0
12,31,255,0,0
12,32,255,0,0
12,33,255,0,0
12,34,255,0,0
12,35,255,0,0
12,36,255,0,0
12,37,255,0,0
12,39,255,0,0
