3,4,255,0,0
3,5,255,0,0
3,6,255,0,0
3,7,255,0,0
3,8,255,0,0
3,9,255,0,0
3,10,255,0,0
3,14,255,0,0
3,23,255,0,0
3,35,255,0,0
4,4,255,0,0
4,14,255,0,0
4,23,255,0,0
4,35,255,0,0
5,4,255,0,0
5,14,255,0,0
5,23,255,0,0
5,34,255,0,0
5,36,255,0,0
6,0,255,0,0
6,4,255,0,0
6,14,255,0,0
6,23,255,0,0
6,34,255,0,0
6,36,255,0,0
7,0,255,0,0
7,4,255,0,0
7,5,255,0,0
7,6,255,0,0
7,7,255,0,0
7,8,255,0,0
7,14,255,0,0
7,23,255,0,0
7,33,255,0,0
7,37,255,0,0
8,0,255,0,0
8,4,255,0,0
8,14,255,0,0
8,23,255,0,0
8,33,255,0,0
8,37,255,0,0
9,0,255,0,0
9,4,255,0,0
9,14,255,0,0
9,23,255,0,0
9,32,255,0,0
9,33,255,0,0
9,34,255,0,0
9,35,255,0,0
9,36,255,0,0
9,37,255,0,0
9,38,255,0,0
10,0,255,0,0
10,4,255,0,0
10,14,255,0,0
10,23,255,0,0
10,32,255,0,0
10,38,255,0,0
11,4,255,0,0
11,14,255,0,0
11,23,255,0,0
11,31,255,0,0
11,39,255,0,0
12,4,255,0,0
12,5,255,0,0
12,6,255,0,0
12,7,255,0,0
12,8,255,0,0
12,9,255,0,0
12,10,255,0,0
12,14,255,0,0
12,15,255,0,0
12,16,255,0,0
12,17,255,0,0
12,18,255,0,0
12,19,255,0,0
12,20,255,0,0
12,23,255,0,0
12,24,255,0,0
12,25,255,0,0
12,26,255,0,0
12,27,255,0,0
12,28,255,0,0
12,29,255,0,0
12,31,255,0,0
12,39,255,0,0
