3,0,255,0,0
3,1,255,0,0
3,2,255,0,0
3,3,255,0,0
3,4,255,0,0
3,5,255,0,0
3,6,255,0,0
3,10,255,0,0
3,19,255,0,0
3,31,255,0,0
4,0,255,0,0
4,10,255,0,0
4,19,255,0,0
4,31,255,0,0
5,0,255,0,0
5,10,255,0,0
5,19,255,0,0
5,30,255,0,0
5,32,255,0,0
6,0,255,0,0
6,10,255,0,0
6,19,255,0,0
6,30,255,0,0
6,32,255,0,0
7,0,255,0,0
7,1,255,0,0
7,2,255,0,0
7,3,255,0,0
7,4,255,0,0
7,10,255,0,0
7,19,255,0,0
7,29,255,0,0
7,33,255,0,0
8,0,255,0,0
8,10,255,0,0
8,19,255,0,0
8,29,255,0,0
8,33,255,0,0
9,0,255,0,0
9,10,255,0,0
9,19,255,0,0
9,28,255,0,0
9,29,255,0,0
9,30,255,0,0
9,31,255,0,0
9,32,255,0,0
9,33,255,0,0
9,34,255,0,0
10,0,255,0,0
10,10,255,0,0
10,19,255,0,0
10,28,255,0,0
10,34,255,0,0
11,0,255,0,0
11,10,255,0,0
11,19,255,0,0
11,27,255,0,0
11,35,255,0,0
12,0,255,0,0
12,1,255,0,0
12,2,255,0,0
12,3,255,0,0
12,4,255,0,0
12,5,255,0,0
12,6,255,0,0
12,10,255,0,0
12,11,255,0,0
12,12,255,0,0
12,13,255,0,0
12,14,255,0,0
12,15,255,0,0
12,16,255,0,0
12,19,255,0,0
12,20,255,0,0
12,21,255,0,0
12,22,255,0,0
12,23,255,0,0
12,24,255,0,0
12,25,255,0,0
12,27,255,0,0
12,35,255,0,0
