3,0,255,0,0
3,1,255,0,0
3,2,255,0,0
3,3,255,0,0
3,4,255,0,0
3,5,255,0,0
3,9,255,0,0
3,18,255,0,0
3,30,255,0,0
4,9,255,0,0
4,18,255,0,0
4,30,255,0,0
5,9,255,0,0
5,18,255,0,0
5,29,255,0,0
5,31,255,0,0
6,9,255,0,0
6,18,255,0,0
6,29,255,0,0
6,31,255,0,0
7,0,255,0,0
7,1,255,0,0
7,2,255,0,0
7,3,255,0,0
7,9,255,0,0
7,18,255,0,0
7,28,255,0,0
7,32,255,0,0
8,9,255,0,0
8,18,255,0,0
8,28,255,0,0
8,32,255,0,0
9,9,255,0,0
9,18,255,0,0
9,27,255,0,0
9,28,255,0,0
9,29,255,0,0
9,30,255,0,0
9,31,255,0,0
9,32,255,0,0
9,33,255,0,0
10,9,255,0,0
10,18,255,0,0
10,27,255,0,0
10,33,255,0,0
11,9,255,0,0
11,18,255,0,0
11,26,255,0,0
11,34,255,0,0
12,0,255,0,0
12,1,255,0,0
12,2,255,0,0
12,3,255,0,0
12,4,255,0,0
12,5,255,0,0
12,9,255,0,0
12,10,255,0,0
12,11,255,0,0
12,12,255,0,0
12,13,255,0,0
12,14,255,0,0
12,15,255,0,0
12,18,255,0,0
12,19,255,0,0
12,20,255,0,0
12,21,255,0,0
12,22,255,0,0
12,23,255,0,0
12,24,255,0,0
12,26,255,0,0
12,34,255,0,0
