3,3,255,0,0
3,12,255,0,0
3,24,255,0,0
3,39,255,0,0
4,3,255,0,0
4,12,255,0,0
4,24,255,0,0
4,39,255,0,0
5,3,255,0,0
5,12,255,0,0
5,23,255,0,0
5,25,255,0,0
5,39,255,0,0
5,40,255,0,0
6,3,255,0,0
6,12,255,0,0
6,23,255,0,0
6,25,255,0,0
6,39,255,0,0
6,40,255,0,0
7,3,255,0,0
7,12,255,0,0
7,22,255,0,0
7,26,255,0,0
7,39,255,0,0
7,41,255,0,0
8,3,255,0,0
8,12,255,0,0
8,22,255,0,0
8,26,255,0,0
8,39,255,0,0
8,41,255,0,0
9,3,255,0,0
9,12,255,0,0
9,21,255,0,0
9,22,255,0,0
9,23,255,0,0
9,24,255,0,0
9,25,255,0,0
9,26,255,0,0
9,27,255,0,0
9,39,255,0,0
9,42,255,0,0
9,44,255,0,0
10,3,255,0,0
10,12,255,0,0
10,21,255,0,0
10,27,255,0,0
10,39,255,0,0
10,42,255,0,0
10,44,255,0,0
11,3,255,0,0
11,12,255,0,0
11,20,255,0,0
11,28,255,0,0
11,39,255,0,0
11,43,255,0,0
12,3,255,0,0
12,4,255,0,0
12,5,255,0,0
12,6,255,0,0
12,7,255,0,0
12,8,255,0,0
12,9,255,0,0
12,12,255,0,0
12,13,255,0,0
12,14,255,0,0
12,15,255,0,0
12,16,255,0,0
12,17,255,0,0
12,18,255,0,0
12,20,255,0,0
12,28,255,0,0
12,39,255,0,0
12,43,255,0,0
