3,2,255,0,0
3,14,255,0,0
3,29,255,0,0
3,37,255,0,0
3,41,255,0,0
4,2,255,0,0
4,14,255,0,0
4,29,255,0,0
4,37,255,0,0
4,41,255,0,0
5,2,255,0,0
5,13,255,0,0
5,15,255,0,0
5,29,255,0,0
5,30,255,0,0
5,36,255,0,0
5,37,255,0,0
5,41,255,0,0
6,2,255,0,0
6,13,255,0,0
6,15,255,0,0
6,29,255,0,0
6,30,255,0,0
6,36,255,0,0
6,37,255,0,0
6,41,255,0,0
7,2,255,0,0
7,12,255,0,0
7,16,255,0,0
7,29,255,0,0
7,31,255,0,0
7,35,255,0,0
7,37,255,0,0
7,41,255,0,0
8,2,255,0,0
8,12,255,0,0
8,16,255,0,0
8,29,255,0,0
8,31,255,0,0
8,35,255,0,0
8,37,255,0,0
8,41,255,0,0
9,2,255,0,0
9,11,255,0,0
9,12,255,0,0
9,13,255,0,0
9,14,255,0,0
9,15,255,0,0
9,16,255,0,0
9,17,255,0,0
9,29,255,0,0
9,32,255,0,0
9,34,255,0,0
9,37,255,0,0
9,41,255,0,0
10,2,255,0,0
10,11,255,0,0
10,17,255,0,0
10,29,255,0,0
10,32,255,0,0
10,34,255,0,0
10,37,255,0,0
10,41,255,0,0
11,2,255,0,0
11,10,255,0,0
11,18,255,0,0
11,29,255,0,0
11,33,255,0,0
11,37,255,0,0
11,41,255,0,0
11,44,255,0,0
12,2,255,0,0
12,3,255,0,0
12,4,255,0,0
12,5,255,0,0
12,6,255,0,0
12,7,255,0,0
12,8,255,0,0
12,10,255,0,0
12,18,255,0,0
12,29,255,0,0
12,33,255,0,0
12,37,255,0,0
12,41,255,0,0
12,44,255,0,0
