3,8,255,0,0
3,23,255,0,0
3,31,255,0,0
3,35,255,0,0
3,42,255,0,0
4,8,255,0,0
4,23,255,0,0
4,31,255,0,0
4,35,255,0,0
4,42,255,0,0
5,7,255,0,0
5,9,255,0,0
5,23,255,0,0
5,24,255,0,0
5,30,255,0,0
5,31,255,0,0
5,35,255,0,0
5,41,255,0,0
5,43,255,0,0
6,7,255,0,0
6,9,255,0,0
6,23,255,0,0
6,24,255,0,0
6,30,255,0,0
6,31,255,0,0
6,35,255,0,0
6,41,255,0,0
6,43,255,0,0
7,6,255,0,0
7,10,255,0,0
7,23,255,0,0
7,25,255,0,0
7,29,255,0,0
7,31,255,0,0
7,35,255,0,0
7,40,255,0,0
7,44,255,0,0
8,6,255,0,0
8,10,255,0,0
8,23,255,0,0
8,25,255,0,0
8,29,255,0,0
8,31,255,0,0
8,35,255,0,0
8,40,255,0,0
8,44,255,0,0
9,5,255,0,0
9,6,255,0,0
9,7,255,0,0
9,8,255,0,0
9,9,255,0,0
9,10,255,0,0
9,11,255,0,0
9,23,255,0,0
9,26,255,0,0
9,28,255,0,0
9,31,255,0,0
9,35,255,0,0
9,39,255,0,0
9,40,255,0,0
9,41,255,0,0
9,42,255,0,0
9,43,255,0,0
9,44,255,0,0
10,5,255,0,0
10,11,255,0,0
10,23,255,0,0
10,26,255,0,0
10,28,255,0,0
10,31,255,0,0
10,35,255,0,0
10,39,255,0,0
11,4,255,0,0
11,12,255,0,0
11,23,255,0,0
11,27,255,0,0
11,31,255,0,0
11,35,255,0,0
11,38,255,0,0
12,0,255,0,0
12,1,255,0,0
12,2,255,0,0
12,4,255,0,0
12,12,255,0,0
12,23,255,0,0
12,27,255,0,0
12,31,255,0,0
12,35,255,0,0
12,38,255,0,0
