3,4,255,0,0
3,19,255,0,0
3,27,255,0,0
3,31,255,0,0
3,38,255,0,0
4,4,255,0,0
4,19,255,0,0
4,27,255,0,0
4,31,255,0,0
4,38,255,0,0
5,3,255,0,0
5,5,255,0,0
5,19,255,0,0
5,20,255,0,0
5,26,255,0,0
5,27,255,0,0
5,31,255,0,0
5,37,255,0,0
5,39,255,0,0
6,3,255,0,0
6,5,255,0,0
6,19,255,0,0
6,20,255,0,0
6,26,255,0,0
6,27,255,0,0
6,31,255,0,0
6,37,255,0,0
6,39,255,0,0
7,2,255,0,0
7,6,255,0,0
7,19,255,0,0
7,21,255,0,0
7,25,255,0,0
7,27,255,0,0
7,31,255,0,0
7,36,255,0,0
7,40,255,0,0
8,2,255,0,0
8,6,255,0,0
8,19,255,0,0
8,21,255,0,0
8,25,255,0,0
8,27,255,0,0
8,31,255,0,0
8,36,255,0,0
8,40,255,0,0
9,1,255,0,0
9,2,255,0,0
9,3,255,0,0
9,4,255,0,0
9,5,255,0,0
9,6,255,0,0
9,7,255,0,0
9,19,255,0,0
9,22,255,0,0
9,24,255,0,0
9,27,255,0,0
9,31,255,0,0
9,35,255,0,0
9,36,255,0,0
9,37,255,0,0
9,38,255,0,0
9,39,255,0,0
9,40,255,0,0
9,41,255,0,0
10,1,255,0,0
10,7,255,0,0
10,19,255,0,0
10,22,255,0,0
10,24,255,0,0
10,27,255,0,0
10,31,255,0,0
10,35,255,0,0
10,41,255,0,0
11,0,255,0,0
11,8,255,0,0
11,19,255,0,0
11,23,255,0,0
11,27,255,0,0
11,31,255,0,0
11,34,255,0,0
11,42,255,0,0
12,0,255,0,0
12,8,255,0,0
12,19,255,0,0
12,23,255,0,0
12,27,255,0,0
12,31,255,0,0
12,34,255,0,0
12,42,255,0,0
