3,9,255,0,0
3,17,255,0,0
3,21,255,0,0
3,28,255,0,0
4,9,255,0,0
4,17,255,0,0
4,21,255,0,0
4,28,255,0,0
5,9,255,0,0
5,10,255,0,0
5,16,255,0,0
5,17,255,0,0
5,21,255,0,0
5,27,255,0,0
5,29,255,0,0
6,9,255,0,0
6,10,255,0,0
6,16,255,0,0
6,17,255,0,0
6,21,255,0,0
6,27,255,0,0
6,29,255,0,0
7,9,255,0,0
7,11,255,0,0
7,15,255,0,0
7,17,255,0,0
7,21,255,0,0
7,26,255,0,0
7,30,255,0,0
7,44,255,0,0
8,9,255,0,0
8,11,255,0,0
8,15,255,0,0
8,17,255,0,0
8,21,255,0,0
8,26,255,0,0
8,30,255,0,0
8,44,255,0,0
9,9,255,0,0
9,12,255,0,0
9,14,255,0,0
9,17,255,0,0
9,21,255,0,0
9,25,255,0,0
9,26,255,0,0
9,27,255,0,0
9,28,255,0,0
9,29,255,0,0
9,30,255,0,0
9,31,255,0,0
9,43,255,0,0
9,44,255,0,0
10,9,255,0,0
10,12,255,0,0
10,14,255,0,0
10,17,255,0,0
10,21,255,0,0
10,25,255,0,0
10,31,255,0,0
10,43,255,0,0
11,9,255,0,0
11,13,255,0,0
11,17,255,0,0
11,21,255,0,0
11,24,255,0,0
11,32,255,0,0
11,42,255,0,0
12,9,255,0,0
12,13,255,0,0
12,17,255,0,0
12,21,255,0,0
12,24,255,0,0
12,32,255,0,0
12,42,255,0,0
