3,6,255,0,0
3,14,255,0,0
3,18,255,0,0
3,25,255,0,0
3,43,255,0,0
4,6,255,0,0
4,14,255,0,0
4,18,255,0,0
4,25,255,0,0
4,43,255,0,0
5,6,255,0,0
5,7,255,0,0
5,13,255,0,0
5,14,255,0,0
5,18,255,0,0
5,24,255,0,0
5,26,255,0,0
5,42,255,0,0
5,44,255,0,0
6,6,255,0,0
6,7,255,0,0
6,13,255,0,0
6,14,255,0,0
6,18,255,0,0
6,24,255,0,0
6,26,255,0,0
6,42,255,0,0
6,44,255,0,0
7,6,255,0,0
7,8,255,0,0
7,12,255,0,0
7,14,255,0,0
7,18,255,0,0
7,23,255,0,0
7,27,255,0,0
7,41,255,0,0
8,6,255,0,0
8,8,255,0,0
8,12,255,0,0
8,14,255,0,0
8,18,255,0,0
8,23,255,0,0
8,27,255,0,0
8,41,255,0,0
9,6,255,0,0
9,9,255,0,0
9,11,255,0,0
9,14,255,0,0
9,18,255,0,0
9,22,255,0,0
9,23,255,0,0
9,24,255,0,0
9,25,255,0,0
9,26,255,0,0
9,27,255,0,0
9,28,255,0,0
9,40,255,0,0
9,41,255,0,0
9,42,255,0,0
9,43,255,0,0
9,44,255,0,0
10,6,255,0,0
10,9,255,0,0
10,11,255,0,0
10,14,255,0,0
10,18,255,0,0
10,22,255,0,0
10,28,255,0,0
10,40,255,0,0
11,6,255,0,0
11,10,255,0,0
11,14,255,0,0
11,18,255,0,0
11,21,255,0,0
11,29,255,0,0
11,39,255,0,0
12,6,255,0,0
12,10,255,0,0
12,14,255,0,0
12,18,255,0,0
12,21,255,0,0
12,29,255,0,0
12,39,255,0,0
