3,4,255,0,0
3,12,255,0,0
3,16,255,0,0
3,23,255,0,0
3,41,255,0,0
4,4,255,0,0
4,12,255,0,0
4,16,255,0,0
4,23,255,0,0
4,41,255,0,0
5,4,255,0,0
5,5,255,0,0
5,11,255,0,0
5,12,255,0,0
5,16,255,0,0
5,22,255,0,0
5,24,255,0,0
5,40,255,0,0
5,42,255,0,0
6,4,255,0,0
6,5,255,0,0
6,11,255,0,0
6,12,255,0,0
6,16,255,0,0
6,22,255,0,0
6,24,255,0,0
6,40,255,0,0
6,42,255,0,0
7,4,255,0,0
7,6,255,0,0
7,10,255,0,0
7,12,255,0,0
7,16,255,0,0
7,21,255,0,0
7,25,255,0,0
7,39,255,0,0
7,43,255,0,0
8,4,255,0,0
8,6,255,0,0
8,10,255,0,0
8,12,255,0,0
8,16,255,0,0
8,21,255,0,0
8,25,255,0,0
8,39,255,0,0
8,43,255,0,0
9,4,255,0,0
9,7,255,0,0
9,9,255,0,0
9,12,255,0,0
9,16,255,0,0
9,20,255,0,0
9,21,255,0,0
9,22,255,0,0
9,23,255,0,0
9,24,255,0,0
9,25,255,0,0
9,26,255,0,0
9,38,255,0,0
9,39,255,0,0
9,40,255,0,0
9,41,255,0,0
9,42,255,0,0
9,43,255,0,0
9,44,255,0,0
10,4,255,0,0
10,7,255,0,0
10,9,255,0,0
10,12,255,0,0
10,16,255,0,0
10,20,255,0,0
10,26,255,0,0
10,38,255,0,0
10,44,255,0,0
11,4,255,0,0
11,8,255,0,0
11,12,255,0,0
11,16,255,0,0
11,19,255,0,0
11,27,255,0,0
11,37,255,0,0
12,4,255,0,0
12,8,255,0,0
12,12,255,0,0
12,16,255,0,0
12,19,255,0,0
12,27,255,0,0
12,37,255,0,0
