3,1,255,0,0
3,9,255,0,0
3,13,255,0,0
3,20,255,0,0
3,38,255,0,0
4,1,255,0,0
4,9,255,0,0
4,13,255,0,0
4,20,255,0,0
4,38,255,0,0
5,1,255,0,0
5,2,255,0,0
5,8,255,0,0
5,9,255,0,0
5,13,255,0,0
5,19,255,0,0
5,21,255,0,0
5,37,255,0,0
5,39,255,0,0
6,1,255,0,0
6,2,255,0,0
6,8,255,0,0
6,9,255,0,0
6,13,255,0,0
6,19,255,0,0
6,21,255,0,0
6,37,255,0,0
6,39,255,0,0
7,1,255,0,0
7,3,255,0,0
7,7,255,0,0
7,9,255,0,0
7,13,255,0,0
7,18,255,0,0
7,22,255,0,0
7,36,255,0,0
7,40,255,0,0
8,1,255,0,0
8,3,255,0,0
8,7,255,0,0
8,9,255,0,0
8,13,255,0,0
8,18,255,0,0
8,22,255,0,0
8,36,255,0,0
8,40,255,0,0
9,1,255,0,0
9,4,255,0,0
9,6,255,0,0
9,9,255,0,0
9,13,255,0,0
9,17,255,0,0
9,18,255,0,0
9,19,255,0,0
9,20,255,0,0
9,21,255,0,0
9,22,255,0,0
9,23,255,0,0
9,35,255,0,0
9,36,255,0,0
9,37,255,0,0
9,38,255,0,0
9,39,255,0,0
9,40,255,0,0
9,41,255,0,0
10,1,255,0,0
10,4,255,0,0
10,6,255,0,0
10,9,255,0,0
10,13,255,0,0
10,17,255,0,0
10,23,255,0,0
10,35,255,0,0
10,41,255,0,0
11,1,255,0,0
11,5,255,0,0
11,9,255,0,0
11,13,255,0,0
11,16,255,0,0
11,24,255,0,0
11,34,255,0,0
11,42,255,0,0
12,1,255,0,0
12,5,255,0,0
12,9,255,0,0
12,13,255,0,0
12,16,255,0,0
12,24,255,0,0
12,34,255,0,0
12,42,255,0,0
