3,0,255,0,0
3,8,255,0,0
3,12,255,0,0
3,19,255,0,0
3,37,255,0,0
3,44,255,0,0
4,0,255,0,0
4,8,255,0,0
4,12,255,0,0
4,19,255,0,0
4,37,255,0,0
4,44,255,0,0
5,0,255,0,0
5,1,255,0,0
5,7,255,0,0
5,8,255,0,0
5,12,255,0,0
5,18,255,0,0
5,20,255,0,0
5,36,255,0,0
5,38,255,0,0
5,44,255,0,0
6,0,255,0,0
6,1,255,0,0
6,7,255,0,0
6,8,255,0,0
6,12,255,0,0
6,18,255,0,0
6,20,255,0,0
6,36,255,0,0
6,38,255,0,0
6,44,255,0,0
7,0,255,0,0
7,2,255,0,0
7,6,255,0,0
7,8,255,0,0
7,12,255,0,0
7,17,255,0,0
7,21,255,0,0
7,35,255,0,0
7,39,255,0,0
7,44,255,0,0
8,0,255,0,0
8,2,255,0,0
8,6,255,0,0
8,8,255,0,0
8,12,255,0,0
8,17,255,0,0
8,21,255,0,0
8,35,255,0,0
8,39,255,0,0
8,44,255,0,0
9,0,255,0,0
9,3,255,0,0
9,5,255,0,0
9,8,255,0,0
9,12,255,0,0
9,16,255,0,0
9,17,255,0,0
9,18,255,0,0
9,19,255,0,0
9,20,255,0,0
9,21,255,0,0
9,22,255,0,0
9,34,255,0,0
9,35,255,0,0
9,36,255,0,0
9,37,255,0,0
9,38,255,0,0
9,39,255,0,0
9,40,255,0,0
9,44,255,0,0
10,0,255,0,0
10,3,255,0,0
10,5,255,0,0
10,8,255,0,0
10,12,255,0,0
10,16,255,0,0
10,22,255,0,0
10,34,255,0,0
10,40,255,0,0
10,44,255,0,0
11,0,255,0,0
11,4,255,0,0
11,8,255,0,0
11,12,255,0,0
11,15,255,0,0
11,23,255,0,0
11,33,255,0,0
11,41,255,0,0
11,44,255,0,0
12,0,255,0,0
12,4,255,0,0
12,8,255,0,0
12,12,255,0,0
12,15,255,0,0
12,23,255,0,0
12,33,255,0,0
12,41,255,0,0
12,44,255,0,0
