3,3,255,0,0
3,10,255,0,0
3,28,255,0,0
3,35,255,0,0
3,41,255,0,0
4,3,255,0,0
4,10,255,0,0
4,28,255,0,0
4,35,255,0,0
4,36,255,0,0
4,41,255,0,0
5,3,255,0,0
5,9,255,0,0
5,11,255,0,0
5,27,255,0,0
5,29,255,0,0
5,35,255,0,0
5,36,255,0,0
5,41,255,0,0
6,3,255,0,0
6,9,255,0,0
6,11,255,0,0
6,27,255,0,0
6,29,255,0,0
6,35,255,0,0
6,37,255,0,0
6,41,255,0,0
7,3,255,0,0
7,8,255,0,0
7,12,255,0,0
7,26,255,0,0
7,30,255,0,0
7,35,255,0,0
7,38,255,0,0
7,41,255,0,0
8,3,255,0,0
8,8,255,0,0
8,12,255,0,0
8,26,255,0,0
8,30,255,0,0
8,35,255,0,0
8,38,255,0,0
8,41,255,0,0
9,3,255,0,0
9,7,255,0,0
9,8,255,0,0
9,9,255,0,0
9,10,255,0,0
9,11,255,0,0
9,12,255,0,0
9,13,255,0,0
9,25,255,0,0
9,26,255,0,0
9,27,255,0,0
9,28,255,0,0
9,29,255,0,0
9,30,255,0,0
9,31,255,0,0
9,35,255,0,0
9,39,255,0,0
9,41,255,0,0
10,3,255,0,0
10,7,255,0,0
10,13,255,0,0
10,25,255,0,0
10,31,255,0,0
10,35,255,0,0
10,40,255,0,0
10,41,255,0,0
11,3,255,0,0
11,6,255,0,0
11,14,255,0,0
11,24,255,0,0
11,32,255,0,0
11,35,255,0,0
11,40,255,0,0
11,41,255,0,0
12,3,255,0,0
12,6,255,0,0
12,14,255,0,0
12,24,255,0,0
12,32,255,0,0
12,35,255,0,0
12,41,255,0,0
