3,6,255,0,0
3,24,255,0,0
3,31,255,0,0
3,37,255,0,0
3,41,255,0,0
4,6,255,0,0
4,24,255,0,0
4,31,255,0,0
4,32,255,0,0
4,37,255,0,0
4,41,255,0,0
5,5,255,0,0
5,7,255,0,0
5,23,255,0,0
5,25,255,0,0
5,31,255,0,0
5,32,255,0,0
5,37,255,0,0
5,41,255,0,0
6,5,255,0,0
6,7,255,0,0
6,23,255,0,0
6,25,255,0,0
6,31,255,0,0
6,33,255,0,0
6,37,255,0,0
6,41,255,0,0
7,4,255,0,0
7,8,255,0,0
7,22,255,0,0
7,26,255,0,0
7,31,255,0,0
7,34,255,0,0
7,37,255,0,0
7,41,255,0,0
8,4,255,0,0
8,8,255,0,0
8,22,255,0,0
8,26,255,0,0
8,31,255,0,0
8,34,255,0,0
8,37,255,0,0
8,41,255,0,0
9,3,255,0,0
9,4,255,0,0
9,5,255,0,0
9,6,255,0,0
9,7,255,0,0
9,8,255,0,0
9,9,255,0,0
9,21,255,0,0
9,22,255,0,0
9,23,255,0,0
9,24,255,0,0
9,25,255,0,0
9,26,255,0,0
9,27,255,0,0
9,31,255,0,0
9,35,255,0,0
9,37,255,0,0
9,41,255,0,0
10,3,255,0,0
10,9,255,0,0
10,21,255,0,0
10,27,255,0,0
10,31,255,0,0
10,36,255,0,0
10,37,255,0,0
10,41,255,0,0
11,2,255,0,0
11,10,255,0,0
11,20,255,0,0
11,28,255,0,0
11,31,255,0,0
11,36,255,0,0
11,37,255,0,0
11,41,255,0,0
12,2,255,0,0
12,10,255,0,0
12,20,255,0,0
12,28,255,0,0
12,31,255,0,0
12,37,255,0,0
12,41,255,0,0
