3,17,255,0,0
3,24,255,0,0
3,30,255,0,0
3,34,255,0,0
3,38,255,0,0
4,17,255,0,0
4,24,255,0,0
4,25,255,0,0
4,30,255,0,0
4,34,255,0,0
4,38,255,0,0
5,0,255,0,0
5,16,255,0,0
5,18,255,0,0
5,24,255,0,0
5,25,255,0,0
5,30,255,0,0
5,34,255,0,0
5,38,255,0,0
5,39,255,0,0
6,0,255,0,0
6,16,255,0,0
6,18,255,0,0
6,24,255,0,0
6,26,255,0,0
6,30,255,0,0
6,34,255,0,0
6,38,255,0,0
6,39,255,0,0
7,1,255,0,0
7,15,255,0,0
7,19,255,0,0
7,24,255,0,0
7,27,255,0,0
7,30,255,0,0
7,34,255,0,0
7,38,255,0,0
7,40,255,0,0
7,44,255,0,0
8,1,255,0,0
8,15,255,0,0
8,19,255,0,0
8,24,255,0,0
8,27,255,0,0
8,30,255,0,0
8,34,255,0,0
8,38,255,0,0
8,40,255,0,0
8,44,255,0,0
9,0,255,0,0
9,1,255,0,0
9,2,255,0,0
9,14,255,0,0
9,15,255,0,0
9,16,255,0,0
9,17,255,0,0
9,18,255,0,0
9,19,255,0,0
9,20,255,0,0
9,24,255,0,0
9,28,255,0,0
9,30,255,0,0
9,34,255,0,0
9,38,255,0,0
9,41,255,0,0
9,43,255,0,0
10,2,255,0,0
10,14,255,0,0
10,20,255,0,0
10,24,255,0,0
10,29,255,0,0
10,30,255,0,0
10,34,255,0,0
10,38,255,0,0
10,41,255,0,0
10,43,255,0,0
11,3,255,0,0
11,13,255,0,0
11,21,255,0,0
11,24,255,0,0
11,29,255,0,0
11,30,255,0,0
11,34,255,0,0
11,38,255,0,0
11,42,255,0,0
12,3,255,0,0
12,13,255,0,0
12,21,255,0,0
12,24,255,0,0
12,30,255,0,0
12,34,255,0,0
12,38,255,0,0
12,42,255,0,0
