3,16,255,0,0
3,23,255,0,0
3,29,255,0,0
3,33,255,0,0
3,37,255,0,0
4,16,255,0,0
4,23,255,0,0
4,24,255,0,0
4,29,255,0,0
4,33,255,0,0
4,37,255,0,0
5,15,255,0,0
5,17,255,0,0
5,23,255,0,0
5,24,255,0,0
5,29,255,0,0
5,33,255,0,0
5,37,255,0,0
5,38,255,0,0
5,44,255,0,0
6,15,255,0,0
6,17,255,0,0
6,23,255,0,0
6,25,255,0,0
6,29,255,0,0
6,33,255,0,0
6,37,255,0,0
6,38,255,0,0
6,44,255,0,0
7,0,255,0,0
7,14,255,0,0
7,18,255,0,0
7,23,255,0,0
7,26,255,0,0
7,29,255,0,0
7,33,255,0,0
7,37,255,0,0
7,39,255,0,0
7,43,255,0,0
8,0,255,0,0
8,14,255,0,0
8,18,255,0,0
8,23,255,0,0
8,26,255,0,0
8,29,255,0,0
8,33,255,0,0
8,37,255,0,0
8,39,255,0,0
8,43,255,0,0
9,0,255,0,0
9,1,255,0,0
9,13,255,0,0
9,14,255,0,0
9,15,255,0,0
9,16,255,0,0
9,17,255,0,0
9,18,255,0,0
9,19,255,0,0
9,23,255,0,0
9,27,255,0,0
9,29,255,0,0
9,33,255,0,0
9,37,255,0,0
9,40,255,0,0
9,42,255,0,0
10,1,255,0,0
10,13,255,0,0
10,19,255,0,0
10,23,255,0,0
10,28,255,0,0
10,29,255,0,0
10,33,255,0,0
10,37,255,0,0
10,40,255,0,0
10,42,255,0,0
11,2,255,0,0
11,12,255,0,0
11,20,255,0,0
11,23,255,0,0
11,28,255,0,0
11,29,255,0,0
11,33,255,0,0
11,37,255,0,0
11,41,255,0,0
12,2,255,0,0
12,12,255,0,0
12,20,255,0,0
12,23,255,0,0
12,29,255,0,0
12,33,255,0,0
12,37,255,0,0
12,41,255,0,0
