3,3,255,0,0
3,10,255,0,0
3,16,255,0,0
3,20,255,0,0
3,24,255,0,0
3,32,255,0,0
3,39,255,0,0
4,3,255,0,0
4,10,255,0,0
4,11,255,0,0
4,16,255,0,0
4,20,255,0,0
4,24,255,0,0
4,32,255,0,0
4,39,255,0,0
5,2,255,0,0
5,4,255,0,0
5,10,255,0,0
5,11,255,0,0
5,16,255,0,0
5,20,255,0,0
5,24,255,0,0
5,25,255,0,0
5,31,255,0,0
5,32,255,0,0
5,38,255,0,0
5,40,255,0,0
6,2,255,0,0
6,4,255,0,0
6,10,255,0,0
6,12,255,0,0
6,16,255,0,0
6,20,255,0,0
6,24,255,0,0
6,25,255,0,0
6,31,255,0,0
6,32,255,0,0
6,38,255,0,0
6,40,255,0,0
7,1,255,0,0
7,5,255,0,0
7,10,255,0,0
7,13,255,0,0
7,16,255,0,0
7,20,255,0,0
7,24,255,0,0
7,26,255,0,0
7,30,255,0,0
7,32,255,0,0
7,37,255,0,0
7,41,255,0,0
8,1,255,0,0
8,5,255,0,0
8,10,255,0,0
8,13,255,0,0
8,16,255,0,0
8,20,255,0,0
8,24,255,0,0
8,26,255,0,0
8,30,255,0,0
8,32,255,0,0
8,37,255,0,0
8,41,255,0,0
9,0,255,0,0
9,1,255,0,0
9,2,255,0,0
9,3,255,0,0
9,4,255,0,0
9,5,255,0,0
9,6,255,0,0
9,10,255,0,0
9,14,255,0,0
9,16,255,0,0
9,20,255,0,0
9,24,255,0,0
9,27,255,0,0
9,29,255,0,0
9,32,255,0,0
9,36,255,0,0
9,37,255,0,0
9,38,255,0,0
9,39,255,0,0
9,40,255,0,0
9,41,255,0,0
9,42,255,0,0
10,0,255,0,0
10,6,255,0,0
10,10,255,0,0
10,15,255,0,0
10,16,255,0,0
10,20,255,0,0
10,24,255,0,0
10,27,255,0,0
10,29,255,0,0
10,32,255,0,0
10,36,255,0,0
10,42,255,0,0
11,7,255,0,0
11,10,255,0,0
11,15,255,0,0
11,16,255,0,0
11,20,255,0,0
11,24,255,0,0
11,28,255,0,0
11,32,255,0,0
11,35,255,0,0
11,43,255,0,0
12,7,255,0,0
12,10,255,0,0
12,16,255,0,0
12,20,255,0,0
12,24,255,0,0
12,28,255,0,0
12,32,255,0,0
12,35,255,0,0
12,43,255,0,0
