3,1,255,0,0
3,7,255,0,0
3,11,255,0,0
3,15,255,0,0
3,23,255,0,0
3,30,255,0,0
4,1,255,0,0
4,2,255,0,0
4,7,255,0,0
4,11,255,0,0
4,15,255,0,0
4,23,255,0,0
4,30,255,0,0
5,1,255,0,0
5,2,255,0,0
5,7,255,0,0
5,11,255,0,0
5,15,255,0,0
5,16,255,0,0
5,22,255,0,0
5,23,255,0,0
5,29,255,0,0
5,31,255,0,0
6,1,255,0,0
6,3,255,0,0
6,7,255,0,0
6,11,255,0,0
6,15,255,0,0
6,16,255,0,0
6,22,255,0,0
6,23,255,0,0
6,29,255,0,0
6,31,255,0,0
7,1,255,0,0
7,4,255,0,0
7,7,255,0,0
7,11,255,0,0
7,15,255,0,0
7,17,255,0,0
7,21,255,0,0
7,23,255,0,0
7,28,255,0,0
7,32,255,0,0
8,1,255,0,0
8,4,255,0,0
8,7,255,0,0
8,11,255,0,0
8,15,255,0,0
8,17,255,0,0
8,21,255,0,0
8,23,255,0,0
8,28,255,0,0
8,32,255,0,0
9,1,255,0,0
9,5,255,0,0
9,7,255,0,0
9,11,255,0,0
9,15,255,0,0
9,18,255,0,0
9,20,255,0,0
9,23,255,0,0
9,27,255,0,0
9,28,255,0,0
9,29,255,0,0
9,30,255,0,0
9,31,255,0,0
9,32,255,0,0
9,33,255,0,0
10,1,255,0,0
10,6,255,0,0
10,7,255,0,0
10,11,255,0,0
10,15,255,0,0
10,18,255,0,0
10,20,255,0,0
10,23,255,0,0
10,27,255,0,0
10,33,255,0,0
11,1,255,0,0
11,6,255,0,0
11,7,255,0,0
11,11,255,0,0
11,15,255,0,0
11,19,255,0,0
11,23,255,0,0
11,26,255,0,0
11,34,255,0,0
12,1,255,0,0
12,7,255,0,0
12,11,255,0,0
12,15,255,0,0
12,19,255,0,0
12,23,255,0,0
12,26,255,0,0
12,34,255,0,0
