3,0,255,0,0
3,6,255,0,0
3,10,255,0,0
3,14,255,0,0
3,22,255,0,0
3,29,255,0,0
4,0,255,0,0
4,1,255,0,0
4,6,255,0,0
4,10,255,0,0
4,14,255,0,0
4,22,255,0,0
4,29,255,0,0
5,0,255,0,0
5,1,255,0,0
5,6,255,0,0
5,10,255,0,0
5,14,255,0,0
5,15,255,0,0
5,21,255,0,0
5,22,255,0,0
5,28,255,0,0
5,30,255,0,0
6,0,255,0,0
6,2,255,0,0
6,6,255,0,0
6,10,255,0,0
6,14,255,0,0
6,15,255,0,0
6,21,255,0,0
6,22,255,0,0
6,28,255,0,0
6,30,255,0,0
7,0,255,0,0
7,3,255,0,0
7,6,255,0,0
7,10,255,0,0
7,14,255,0,0
7,16,255,0,0
7,20,255,0,0
7,22,255,0,0
7,27,255,0,0
7,31,255,0,0
8,0,255,0,0
8,3,255,0,0
8,6,255,0,0
8,10,255,0,0
8,14,255,0,0
8,16,255,0,0
8,20,255,0,0
8,22,255,0,0
8,27,255,0,0
8,31,255,0,0
9,0,255,0,0
9,4,255,0,0
9,6,255,0,0
9,10,255,0,0
9,14,255,0,0
9,17,255,0,0
9,19,255,0,0
9,22,255,0,0
9,26,255,0,0
9,27,255,0,0
9,28,255,0,0
9,29,255,0,0
9,30,255,0,0
9,31,255,0,0
9,32,255,0,0
10,0,255,0,0
10,5,255,0,0
10,6,255,0,0
10,10,255,0,0
10,14,255,0,0
10,17,255,0,0
10,19,255,0,0
10,22,255,0,0
10,26,255,0,0
10,32,255,0,0
11,0,255,0,0
11,5,255,0,0
11,6,255,0,0
11,10,255,0,0
11,14,255,0,0
11,18,255,0,0
11,22,255,0,0
11,25,255,0,0
11,33,255,0,0
12,0,255,0,0
12,6,255,0,0
12,10,255,0,0
12,14,255,0,0
12,18,255,0,0
12,22,255,0,0
12,25,255,0,0
12,33,255,0,0
