3,1,255,0,0
3,5,255,0,0
3,9,255,0,0
3,17,255,0,0
3,24,255,0,0
4,1,255,0,0
4,5,255,0,0
4,9,255,0,0
4,17,255,0,0
4,24,255,0,0
5,1,255,0,0
5,5,255,0,0
5,9,255,0,0
5,10,255,0,0
5,16,255,0,0
5,17,255,0,0
5,23,255,0,0
5,25,255,0,0
6,1,255,0,0
6,5,255,0,0
6,9,255,0,0
6,10,255,0,0
6,16,255,0,0
6,17,255,0,0
6,23,255,0,0
6,25,255,0,0
7,1,255,0,0
7,5,255,0,0
7,9,255,0,0
7,11,255,0,0
7,15,255,0,0
7,17,255,0,0
7,22,255,0,0
7,26,255,0,0
8,1,255,0,0
8,5,255,0,0
8,9,255,0,0
8,11,255,0,0
8,15,255,0,0
8,17,255,0,0
8,22,255,0,0
8,26,255,0,0
9,1,255,0,0
9,5,255,0,0
9,9,255,0,0
9,12,255,0,0
9,14,255,0,0
9,17,255,0,0
9,21,255,0,0
9,22,255,0,0
9,23,255,0,0
9,24,255,0,0
9,25,255,0,0
9,26,255,0,0
9,27,255,0,0
10,0,255,0,0
10,1,255,0,0
10,5,255,0,0
10,9,255,0,0
10,12,255,0,0
10,14,255,0,0
10,17,255,0,0
10,21,255,0,0
10,27,255,0,0
11,0,255,0,0
11,1,255,0,0
11,5,255,0,0
11,9,255,0,0
11,13,255,0,0
11,17,255,0,0
11,20,255,0,0
11,28,255,0,0
12,1,255,0,0
12,5,255,0,0
12,9,255,0,0
12,13,255,0,0
12,17,255,0,0
12,20,255,0,0
12,28,255,0,0
