3,1,255,0,0
3,9,255,0,0
3,16,255,0,0
4,1,255,0,0
4,9,255,0,0
4,16,255,0,0
5,1,255,0,0
5,2,255,0,0
5,8,255,0,0
5,9,255,0,0
5,15,255,0,0
5,17,255,0,0
6,1,255,0,0
6,2,255,0,0
6,8,255,0,0
6,9,255,0,0
6,15,255,0,0
6,17,255,0,0
7,1,255,0,0
7,3,255,0,0
7,7,255,0,0
7,9,255,0,0
7,14,255,0,0
7,18,255,0,0
8,1,255,0,0
8,3,255,0,0
8,7,255,0,0
8,9,255,0,0
8,14,255,0,0
8,18,255,0,0
9,1,255,0,0
9,4,255,0,0
9,6,255,0,0
9,9,255,0,0
9,13,255,0,0
9,14,255,0,0
9,15,255,0,0
9,16,255,0,0
9,17,255,0,0
9,18,255,0,0
9,19,255,0,0
10,1,255,0,0
10,4,255,0,0
10,6,255,0,0
10,9,255,0,0
10,13,255,0,0
10,19,255,0,0
11,1,255,0,0
11,5,255,0,0
11,9,255,0,0
11,12,255,0,0
11,20,255,0,0
12,1,255,0,0
12,5,255,0,0
12,9,255,0,0
12,12,255,0,0
12,20,255,0,0
