3,4,255,0,0
3,11,255,0,0
4,4,255,0,0
4,11,255,0,0
5,3,255,0,0
5,4,255,0,0
5,10,255,0,0
5,12,255,0,0
6,3,255,0,0
6,4,255,0,0
6,10,255,0,0
6,12,255,0,0
7,2,255,0,0
7,4,255,0,0
7,9,255,0,0
7,13,255,0,0
8,2,255,0,0
8,4,255,0,0
8,9,255,0,0
8,13,255,0,0
9,1,255,0,0
9,4,255,0,0
9,8,255,0,0
9,9,255,0,0
9,10,255,0,0
9,11,255,0,0
9,12,255,0,0
9,13,255,0,0
9,14,255,0,0
10,1,255,0,0
10,4,255,0,0
10,8,255,0,0
10,14,255,0,0
11,0,255,0,0
11,4,255,0,0
11,7,255,0,0
11,15,255,0,0
12,0,255,0,0
12,4,255,0,0
12,7,255,0,0
12,15,255,0,0
