3,0,255,61,0
3,1,255,61,0
3,2,255,61,0
3,3,255,61,0
3,4,255,61,0
3,5,255,61,0
3,6,255,61,0
3,12,255,61,0
3,19,255,61,0
3,25,255,61,0
3,32,255,61,0
3,33,255,61,0
3,34,255,61,0
4,2,255,61,0
4,12,255,61,0
4,19,255,61,0
4,20,255,61,0
4,25,255,61,0
4,30,255,61,0
4,31,255,61,0
4,35,255,61,0
5,2,255,61,0
5,11,255,61,0
5,13,255,61,0
5,19,255,61,0
5,20,255,61,0
5,25,255,61,0
5,30,255,61,0
5,35,255,61,0
6,2,255,61,0
6,11,255,61,0
6,13,255,61,0
6,19,255,61,0
6,21,255,61,0
6,25,255,61,0
6,29,255,61,0
6,36,255,61,0
7,2,255,61,0
7,10,255,61,0
7,14,255,61,0
7,19,255,61,0
7,22,255,61,0
7,25,255,61,0
7,29,255,61,0
7,36,255,61,0
8,2,255,61,0
8,10,255,61,0
8,14,255,61,0
8,19,255,61,0
8,22,255,61,0
8,25,255,61,0
8,29,255,61,0
8,36,255,61,0
9,2,255,61,0
9,9,255,61,0
9,10,255,61,0
9,11,255,61,0
9,12,255,61,0
9,13,255,61,0
9,14,255,61,0
9,15,255,61,0
9,19,255,61,0
9,23,255,61,0
9,25,255,61,0
9,29,255,61,0
9,36,255,61,0
10,2,255,61,0
10,9,255,61,0
10,15,255,61,0
10,19,255,61,0
10,24,255,61,0
10,25,255,61,0
10,29,255,61,0
10,36,255,61,0
11,2,255,61,0
11,8,255,61,0
11,16,255,61,0
11,19,255,61,0
11,24,255,61,0
11,25,255,61,0
11,30,255,61,0
11,31,255,61,0
11,35,255,61,0
12,2,255,61,0
12,8,255,61,0
12,16,255,61,0
12,19,255,61,0
12,25,255,61,0
12,32,255,61,0
12,33,255,61,0
12,34,255,61,0
